13020002,1,3
13020002,2,3
13020002,5,4
13020002,6,5
13020002,7,5
13020002,8,4
13020002,9,5
13020002,10,5
13020002,11,3
13020002,12,3
13020002,13,3
13020002,14,3
13020002,15,4
13020002,16,5
13020002,17,5
13020002,19,4
13020002,20,5
13020002,21,3
13020002,24,5
13020002,26,1
13020002,30,3
13020002,33,5
13020008,1,3
13020008,2,1
13020008,3,2
13020008,5,3
13020008,6,2
13020008,7,1
13020008,8,2
13020008,9,3
13020008,10,3
13020008,11,3
13020008,12,2
13020008,13,3
13020008,14,3
13020008,15,3
13020008,16,2
13020008,17,2
13020008,19,3
13020008,20,4
13020008,21,1
13020008,22,2
13020008,23,2
13020008,24,2
13020008,25,3
13020008,26,1
13020008,30,2
13020008,32,1
13020012,1,3
13020012,2,3
13020012,3,4
13020012,5,3
13020012,6,4
13020012,7,3
13020012,8,3
13020012,10,2
13020012,11,4
13020012,12,2
13020012,13,4
13020012,14,1
13020012,15,3
13020012,16,3
13020012,17,3
13020012,19,1
13020012,20,3
13020012,21,1
13020012,23,1
13020012,24,3
13020012,25,1
13020012,26,5
13020012,30,3
13020012,32,1
13020053,1,4
13020053,2,2
13020053,3,4
13020053,5,2
13020053,6,1
13020053,7,4
13020053,8,4
13020053,9,4
13020053,10,3
13020053,11,2
13020053,12,3
13020053,13,3
13020053,14,3
13020053,15,4
13020053,16,3
13020053,17,3
13020053,19,3
13020053,20,3
13020053,21,1
13020053,22,2
13020053,23,5
13020053,24,3
13020053,25,2
13020053,26,3
13020053,30,3
13020053,33,4
13020063,1,4.7
13020063,3,6.9
13020063,5,7.2
13020063,6,4.6
13020063,7,5.3
13020063,8,6.2
13020063,9,4.7
13020063,10,5.8
13020063,11,7.1
13020063,12,7
13020063,13,5
13020063,14,6.4
13020063,16,4.9
13020063,19,6
13020063,20,3.1
13020063,21,6.9
13020063,22,6.2
13020063,23,5
13020063,25,7.5
13020063,26,5
13020708,2,5.6
13020708,5,7.5
13020708,6,4.2
13020708,7,3.2
13020708,8,4.2
13020708,10,4.7
13020708,11,7
13020708,12,5.6
13020708,13,5.1
13020708,14,5.4
13020708,16,3.8
13020708,19,0
13020708,20,2.9
13020708,21,7.2
13020708,22,6.5
13020708,23,4.6
13020708,25,4.6
13020708,26,4.6
13020091,1,3
13020091,2,2
13020091,3,4
13020091,5,2
13020091,6,2
13020091,7,2
13020091,8,2
13020091,9,1
13020091,10,4
13020091,11,3
13020091,12,1
13020091,13,4
13020091,14,3
13020091,15,2
13020091,16,2
13020091,17,3
13020091,19,3
13020091,20,3
13020091,21,1
13020091,22,3
13020091,23,3
13020091,24,1
13020091,25,4
13020091,26,3
13020091,30,2
13020091,32,1
13020712,1,3
13020712,2,3
13020712,3,3
13020712,5,2
13020712,6,4
13020712,7,4
13020712,8,3
13020712,9,4
13020712,10,4
13020712,11,4
13020712,12,5
13020712,13,2
13020712,14,5
13020712,15,4
13020712,16,5
13020712,17,5
13020712,19,5
13020712,20,5
13020712,21,4
13020712,22,3
13020712,23,4
13020712,24,3
13020712,25,3
13020712,26,5
13020712,33,5
13020716,2,3.9
13020716,5,6.2
13020716,6,7.5
13020716,7,7.4
13020716,8,5.2
13020716,9,3.7
13020716,10,4
13020716,11,5.1
13020716,12,3.7
13020716,13,7.2
13020716,14,2.8
13020716,21,6.5
13020716,22,5.2
13020716,23,5.1
13020716,26,2.2
13020113,1,4
13020113,2,5
13020113,3,3
13020113,5,2
13020113,6,3
13020113,7,3
13020113,8,2
13020113,9,4
13020113,10,4
13020113,11,2
13020113,12,2
13020113,13,4
13020113,14,3
13020113,15,3
13020113,16,3
13020113,17,4
13020113,19,3
13020113,20,4
13020113,21,2
13020113,22,3
13020113,23,5
13020113,24,4
13020113,25,4
13020113,26,3
13020113,30,4
13020113,32,4
13020531,1,4
13020531,2,4
13020531,3,3
13020531,5,5
13020531,6,5
13020531,7,4
13020531,8,5
13020531,10,4
13020531,11,2
13020531,12,2
13020531,13,2
13020531,14,3
13020531,15,3
13020531,16,2
13020531,17,5
13020531,19,5
13020531,20,5
13020531,21,4
13020531,22,3
13020531,23,5
13020531,24,3
13020531,25,5
13020531,26,4
13020531,30,3
13020531,33,4
13020125,5,8.1
13020125,6,8.8
13020125,8,6
13020125,10,6.6
13020125,11,5.5
13020125,12,7.2
13020125,26,6
13020136,1,3
13020136,2,3
13020136,3,4
13020136,5,2
13020136,6,2
13020136,7,1
13020136,8,1
13020136,9,1
13020136,10,5
13020136,11,2
13020136,12,2
13020136,13,3
13020136,14,2
13020136,15,3
13020136,16,4
13020136,17,3
13020136,19,3
13020136,20,3
13020136,21,2
13020136,23,2
13020136,24,2
13020136,25,2
13020136,26,3
13020136,30,2
13020136,32,2
13020136,63,2
13020146,1,3
13020146,2,3
13020146,3,4
13020146,5,2
13020146,6,1
13020146,7,3
13020146,8,2
13020146,9,3
13020146,10,4
13020146,11,3
13020146,12,1
13020146,13,4
13020146,14,1
13020146,15,4
13020146,16,2
13020146,17,2
13020146,19,5
13020146,20,4
13020146,21,1
13020146,22,4
13020146,23,3
13020146,24,3
13020146,25,3
13020146,26,4
13020146,30,3
13020146,45,2
13020148,1,5.1
13020148,2,5.9
13020148,5,7.3
13020148,6,8.4
13020148,7,7.8
13020148,8,8.7
13020148,9,7.1
13020148,11,7.7
13020148,12,9
13020148,13,5.8
13020148,14,7.8
13020148,16,6.5
13020148,19,6.1
13020148,20,5.7
13020148,21,8.6
13020148,22,6
13020148,23,6.4
13020148,25,4.2
13020148,26,6.8
13020159,1,2
13020159,3,2
13020159,5,4
13020159,6,1
13020159,7,3
13020159,8,2
13020159,9,4
13020159,10,5
13020159,11,3
13020159,12,4
13020159,13,4
13020159,14,2
13020159,15,4
13020159,16,3
13020159,17,4
13020159,19,4
13020159,20,4
13020159,21,1
13020159,22,4
13020159,23,5
13020159,24,4
13020159,26,4
13020159,30,3
13020159,33,5
13020160,1,2
13020160,2,4
13020160,3,3
13020160,5,2
13020160,6,4
13020160,7,1
13020160,8,1
13020160,9,1
13020160,10,4
13020160,11,3
13020160,12,3
13020160,13,4
13020160,14,4
13020160,15,1
13020160,16,4
13020160,17,3
13020160,19,3
13020160,20,2
13020160,21,1
13020160,22,3
13020160,23,1
13020160,24,2
13020160,25,1
13020160,26,5
13020160,30,2
13020160,34,1
13020713,1,4
13020713,5,2
13020713,6,2
13020713,7,5
13020713,8,3
13020713,9,4
13020713,10,4
13020713,11,4
13020713,12,4
13020713,13,2
13020713,14,4
13020713,15,5
13020713,16,3
13020713,17,4
13020713,19,3
13020713,20,4
13020713,21,5
13020713,22,3
13020713,23,2
13020713,24,4
13020713,25,2
13020713,26,2
13020713,30,3
13020713,38,4
13020713,63,3
13020183,1,5
13020183,2,5
13020183,5,1
13020183,6,3
13020183,7,1
13020183,8,2
13020183,9,2
13020183,10,4
13020183,11,3
13020183,12,5
13020183,13,5
13020183,14,1
13020183,16,2
13020183,17,3
13020183,19,4
13020183,20,3
13020183,21,2
13020183,22,5
13020183,23,4
13020183,24,2
13020183,25,4
13020183,26,2
13020183,30,3
13020183,32,2
13020546,1,3
13020546,2,4
13020546,3,3
13020546,5,3
13020546,6,2
13020546,7,3
13020546,8,3
13020546,10,4
13020546,11,2
13020546,12,2
13020546,13,2
13020546,14,3
13020546,15,2
13020546,16,4
13020546,17,3
13020546,19,4
13020546,20,2
13020546,21,2
13020546,23,3
13020546,24,2
13020546,25,4
13020546,26,4
13020546,30,1
13020546,32,1
13020196,1,2
13020196,2,4
13020196,3,3
13020196,5,2
13020196,6,2
13020196,7,3
13020196,8,4
13020196,9,4
13020196,10,3
13020196,11,3
13020196,12,1
13020196,13,3
13020196,14,2
13020196,15,2
13020196,16,2
13020196,17,4
13020196,19,2
13020196,20,2
13020196,21,1
13020196,22,3
13020196,23,3
13020196,24,3
13020196,25,1
13020196,26,3
13020196,30,2
13020196,33,4
13020704,1,5
13020704,2,3
13020704,3,3
13020704,5,3
13020704,6,5
13020704,7,2
13020704,8,4
13020704,9,4
13020704,10,5
13020704,11,4
13020704,12,4
13020704,13,3
13020704,14,3
13020704,15,3
13020704,17,4
13020704,19,5
13020704,20,5
13020704,21,4
13020704,22,3
13020704,24,4
13020704,26,5
13020704,30,3
13020704,33,5
13020228,1,3
13020228,2,4
13020228,3,3
13020228,4,2
13020228,5,2
13020228,6,2
13020228,7,3
13020228,8,3
13020228,9,3
13020228,10,4
13020228,11,3
13020228,12,1
13020228,13,3
13020228,14,3
13020228,15,3
13020228,16,2
13020228,17,3
13020228,19,3
13020228,20,4
13020228,21,3
13020228,22,3
13020228,23,2
13020228,24,3
13020228,25,2
13020228,26,2
13020228,30,3
13020228,33,4
13020229,1,3
13020229,2,4
13020229,3,5
13020229,5,2
13020229,6,3
13020229,7,2
13020229,8,3
13020229,9,4
13020229,10,3
13020229,11,3
13020229,12,2
13020229,13,4
13020229,14,3
13020229,15,3
13020229,16,4
13020229,17,3
13020229,19,4
13020229,20,4
13020229,21,1
13020229,22,4
13020229,23,2
13020229,24,2
13020229,25,4
13020229,26,4
13020229,30,2
13020229,33,4
13020265,1,3
13020265,2,2
13020265,3,4
13020265,5,2
13020265,6,2
13020265,7,4
13020265,8,4
13020265,10,3
13020265,11,1
13020265,12,1
13020265,13,3
13020265,14,3
13020265,15,3
13020265,16,1
13020265,17,1
13020265,19,2
13020265,20,3
13020265,21,1
13020265,22,4
13020265,23,3
13020265,24,2
13020265,25,3
13020265,26,2
13020265,30,2
13020265,32,1
13020265,45,2
13020275,1,3
13020275,2,2
13020275,5,2
13020275,6,2
13020275,7,4
13020275,8,3
13020275,10,4
13020275,11,3
13020275,12,2
13020275,13,4
13020275,14,2
13020275,15,3
13020275,16,4
13020275,17,3
13020275,19,4
13020275,20,4
13020275,21,4
13020275,22,5
13020275,23,4
13020275,24,3
13020275,25,3
13020275,26,4
13020275,30,5
13020275,31,2
13020275,32,2
13020275,38,3
13020629,1,4
13020629,2,4
13020629,5,2
13020629,6,3
13020629,7,2
13020629,8,2
13020629,9,3
13020629,10,3
13020629,11,4
13020629,12,3
13020629,13,2
13020629,14,3
13020629,15,5
13020629,16,5
13020629,17,5
13020629,19,4
13020629,20,3
13020629,21,2
13020629,22,5
13020629,23,3
13020629,24,5
13020629,25,2
13020629,26,3
13020629,30,5
13020629,63,5
13020290,1,4
13020290,2,5
13020290,4,5
13020290,5,2
13020290,6,3
13020290,7,4
13020290,8,5
13020290,10,5
13020290,11,3
13020290,12,1
13020290,13,3
13020290,14,3
13020290,16,5
13020290,17,4
13020290,20,5
13020290,21,5
13020290,22,5
13020290,23,5
13020290,25,5
13020290,26,2
13020290,27,5
13020290,28,5
13020290,32,1
13020290,46,5
13020290,52,5
13020291,1,3
13020291,2,4
13020291,3,3
13020291,5,2
13020291,6,2
13020291,7,4
13020291,8,3
13020291,9,3
13020291,10,5
13020291,11,3
13020291,12,1
13020291,13,4
13020291,14,4
13020291,15,4
13020291,16,2
13020291,17,5
13020291,19,3
13020291,20,1
13020291,21,2
13020291,23,3
13020291,24,3
13020291,25,2
13020291,26,2
13020291,30,3
13020291,32,3
13020291,49,3
13020550,1,3
13020550,2,2
13020550,3,2
13020550,5,2
13020550,6,2
13020550,7,4
13020550,8,5
13020550,10,3
13020550,11,2
13020550,12,2
13020550,13,3
13020550,14,4
13020550,15,3
13020550,16,2
13020550,17,4
13020550,19,3
13020550,20,3
13020550,21,4
13020550,22,4
13020550,23,3
13020550,24,2
13020550,25,3
13020550,26,2
13020550,30,1
13020550,33,4
13020314,1,2
13020314,2,3
13020314,3,3
13020314,5,2
13020314,6,4
13020314,7,2
13020314,8,2
13020314,9,3
13020314,10,3
13020314,11,3
13020314,12,1
13020314,13,2
13020314,14,2
13020314,15,2
13020314,16,1
13020314,17,3
13020314,19,2
13020314,20,3
13020314,21,2
13020314,22,3
13020314,23,3
13020314,24,3
13020314,25,1
13020314,26,2
13020314,30,2
13020314,32,1
13020317,1,3
13020317,2,4
13020317,3,3
13020317,5,3
13020317,6,2
13020317,7,2
13020317,8,4
13020317,9,3
13020317,10,4
13020317,11,2
13020317,12,1
13020317,13,2
13020317,14,2
13020317,15,3
13020317,16,4
13020317,17,3
13020317,19,2
13020317,20,4
13020317,21,1
13020317,22,3
13020317,23,3
13020317,24,4
13020317,25,2
13020317,26,4
13020317,30,2
13020317,32,1
13020323,1,3
13020323,2,2
13020323,3,3
13020323,5,2
13020323,6,4
13020323,7,2
13020323,8,2
13020323,9,2
13020323,10,4
13020323,11,3
13020323,12,1
13020323,13,2
13020323,14,2
13020323,15,2
13020323,16,1
13020323,17,2
13020323,19,1
13020323,20,2
13020323,21,1
13020323,22,3
13020323,23,3
13020323,24,4
13020323,25,2
13020323,26,2
13020323,30,2
13020323,33,3
13020324,1,3
13020324,2,4
13020324,3,3
13020324,5,3
13020324,6,2
13020324,7,3
13020324,8,4
13020324,9,4
13020324,10,3
13020324,11,2
13020324,12,2
13020324,13,3
13020324,14,2
13020324,15,5
13020324,16,1
13020324,17,4
13020324,19,4
13020324,20,1
13020324,21,1
13020324,23,3
13020324,24,3
13020324,25,1
13020324,26,2
13020324,30,2
13020324,32,2
13020330,1,2
13020330,2,3
13020330,3,2
13020330,5,4
13020330,6,4
13020330,7,3
13020330,8,5
13020330,9,4
13020330,10,4
13020330,11,2
13020330,12,2
13020330,13,2
13020330,14,2
13020330,15,5
13020330,16,4
13020330,17,5
13020330,19,4
13020330,20,5
13020330,21,2
13020330,22,3
13020330,23,5
13020330,24,4
13020330,25,2
13020330,26,3
13020330,30,3
13020330,31,3
13020330,33,5
13020636,1,3
13020636,2,5
13020636,3,3
13020636,5,3
13020636,6,1
13020636,7,3
13020636,8,3
13020636,10,5
13020636,11,4
13020636,12,4
13020636,13,2
13020636,14,1
13020636,15,5
13020636,16,2
13020636,17,3
13020636,19,5
13020636,20,2
13020636,21,2
13020636,22,3
13020636,24,4
13020636,26,4
13020636,33,4
13020342,1,2
13020342,2,2
13020342,3,3
13020342,5,2
13020342,6,2
13020342,7,2
13020342,8,1
13020342,9,1
13020342,10,3
13020342,11,3
13020342,12,3
13020342,13,3
13020342,14,3
13020342,15,4
13020342,16,5
13020342,17,3
13020342,19,3
13020342,20,5
13020342,21,2
13020342,22,4
13020342,24,3
13020342,25,3
13020342,26,2
13020342,33,4
13020601,1,4
13020601,2,3
13020601,3,5
13020601,5,3
13020601,6,1
13020601,7,1
13020601,8,1
13020601,9,1
13020601,10,4
13020601,11,3
13020601,12,4
13020601,13,2
13020601,14,4
13020601,15,5
13020601,16,3
13020601,17,4
13020601,19,3
13020601,20,4
13020601,21,4
13020601,22,4
13020601,23,4
13020601,24,2
13020601,25,2
13020601,26,2
13020601,30,2
13020601,33,5
13020638,1,2
13020638,2,4
13020638,3,4
13020638,5,1
13020638,6,4
13020638,7,1
13020638,8,1
13020638,9,1
13020638,10,3
13020638,11,4
13020638,12,3
13020638,13,2
13020638,14,3
13020638,15,4
13020638,16,3
13020638,17,2
13020638,19,4
13020638,20,2
13020638,21,1
13020638,22,3
13020638,23,2
13020638,24,2
13020638,25,1
13020638,26,4
13020638,30,2
13020638,32,2
13020638,49,2
13020372,1,2
13020372,2,3
13020372,3,2
13020372,5,2
13020372,6,2
13020372,7,4
13020372,8,3
13020372,9,4
13020372,10,4
13020372,11,3
13020372,12,5
13020372,13,3
13020372,14,3
13020372,15,3
13020372,16,3
13020372,17,3
13020372,19,4
13020372,20,5
13020372,21,1
13020372,22,3
13020372,23,2
13020372,24,3
13020372,25,4
13020372,26,2
13020372,30,2
13020372,32,2
13020397,1,2
13020397,2,4
13020397,3,2
13020397,5,1
13020397,6,1
13020397,7,3
13020397,8,4
13020397,9,4
13020397,10,4
13020397,11,3
13020397,12,1
13020397,13,3
13020397,14,2
13020397,15,5
13020397,16,4
13020397,17,2
13020397,19,5
13020397,20,1
13020397,21,1
13020397,23,2
13020397,24,3
13020397,25,3
13020397,26,3
13020397,30,2
13020397,32,2
13020397,49,2
13020395,1,3
13020395,2,3
13020395,3,2
13020395,5,2
13020395,6,1
13020395,7,3
13020395,8,3
13020395,9,3
13020395,10,4
13020395,11,1
13020395,12,5
13020395,13,3
13020395,14,4
13020395,15,5
13020395,16,4
13020395,17,5
13020395,19,5
13020395,20,5
13020395,21,5
13020395,22,3
13020395,23,4
13020395,24,3
13020395,25,3
13020395,26,4
13020395,30,3
13020395,33,5
13020386,1,5
13020386,2,5
13020386,5,1
13020386,6,5
13020386,7,5
13020386,8,5
13020386,10,4
13020386,11,2
13020386,12,3
13020386,13,2
13020386,14,5
13020386,16,2
13020386,17,5
13020386,19,5
13020386,20,5
13020386,21,2
13020386,22,5
13020386,23,5
13020386,25,5
13020386,26,3
13020403,1,2
13020403,3,3
13020403,5,1
13020403,6,3
13020403,7,3
13020403,8,3
13020403,9,3
13020403,10,5
13020403,11,5
13020403,12,4
13020403,13,3
13020403,14,3
13020403,15,4
13020403,16,5
13020403,17,3
13020403,19,5
13020403,22,3
13020403,23,4
13020403,24,3
13020403,25,5
13020403,26,5
13020403,30,1
13020403,32,3
13020410,1,4
13020410,2,3
13020410,3,4
13020410,5,4
13020410,6,1
13020410,7,3
13020410,8,4
13020410,9,4
13020410,10,3
13020410,11,2
13020410,12,2
13020410,13,2
13020410,14,3
13020410,15,4
13020410,16,1
13020410,17,3
13020410,19,3
13020410,20,2
13020410,21,1
13020410,22,2
13020410,23,3
13020410,24,2
13020410,25,1
13020410,26,2
13020410,30,2
13020410,32,2
13020418,1,5
13020418,2,5
13020418,3,3
13020418,5,2
13020418,6,3
13020418,7,2
13020418,8,2
13020418,9,2
13020418,10,4
13020418,11,3
13020418,12,4
13020418,13,3
13020418,14,2
13020418,16,3
13020418,17,5
13020418,19,5
13020418,20,2
13020418,21,2
13020418,22,3
13020418,23,5
13020418,24,2
13020418,25,5
13020418,26,2
13020420,1,4
13020420,2,5
13020420,3,3
13020420,5,1
13020420,6,2
13020420,7,3
13020420,8,2
13020420,9,3
13020420,10,3
13020420,11,3
13020420,12,1
13020420,13,4
13020420,14,3
13020420,15,3
13020420,16,1
13020420,17,2
13020420,19,4
13020420,20,1
13020420,21,1
13020420,22,3
13020420,23,4
13020420,24,5
13020420,25,3
13020420,26,3
13020420,30,1
13020420,33,5
13020425,1,4
13020425,2,2
13020425,3,3
13020425,5,3
13020425,6,4
13020425,7,5
13020425,8,5
13020425,9,5
13020425,10,5
13020425,11,3
13020425,12,5
13020425,13,4
13020425,14,4
13020425,15,5
13020425,16,4
13020425,17,5
13020425,19,5
13020425,20,5
13020425,22,5
13020425,23,5
13020425,24,5
13020425,25,5
13020428,5,6.6
13020428,6,7.9
13020428,7,4.2
13020428,8,5.9
13020428,10,6.3
13020428,11,6.2
13020428,12,7.5
13020428,13,7.6
13020428,26,7
13020452,1,2
13020452,2,1
13020452,3,2
13020452,5,2
13020452,6,1
13020452,7,2
13020452,8,4
13020452,9,5
13020452,10,4
13020452,11,3
13020452,12,4
13020452,13,2
13020452,14,1
13020452,15,2
13020452,16,3
13020452,17,3
13020452,19,2
13020452,20,2
13020452,21,2
13020452,23,2
13020452,24,1
13020452,25,1
13020452,26,3
13020452,30,1
13020452,33,3
13020450,1,4
13020450,2,3
13020450,3,3
13020450,5,2
13020450,6,3
13020450,7,3
13020450,8,2
13020450,9,3
13020450,10,3
13020450,11,2
13020450,12,2
13020450,13,3
13020450,14,3
13020450,15,3
13020450,16,2
13020450,17,2
13020450,19,4
13020450,20,2
13020450,21,1
13020450,22,4
13020450,23,1
13020450,24,1
13020450,25,1
13020450,26,4
13020450,30,2
13020450,32,2
13020647,1,5
13020647,2,4
13020647,3,4
13020647,5,2
13020647,6,4
13020647,7,2
13020647,8,3
13020647,9,2
13020647,10,5
13020647,11,1
13020647,12,2
13020647,13,3
13020647,14,4
13020647,15,4
13020647,16,4
13020647,17,5
13020647,19,2
13020647,20,2
13020647,21,1
13020647,22,3
13020647,23,3
13020647,24,3
13020647,25,2
13020647,26,3
13020647,30,2
13020647,33,4
13020481,1,4
13020481,2,3
13020481,3,3
13020481,5,2
13020481,6,4
13020481,7,4
13020481,8,3
13020481,9,4
13020481,10,4
13020481,11,3
13020481,12,3
13020481,13,3
13020481,14,4
13020481,15,4
13020481,16,4
13020481,17,4
13020481,19,3
13020481,20,4
13020481,21,1
13020481,22,3
13020481,23,4
13020481,24,4
13020481,25,3
13020481,26,3
13020481,30,3
13020481,32,4
13020495,1,3
13020495,2,5
13020495,3,3
13020495,5,2
13020495,6,3
13020495,7,3
13020495,8,3
13020495,9,3
13020495,10,5
13020495,11,3
13020495,12,5
13020495,13,4
13020495,14,2
13020495,15,5
13020495,16,5
13020495,17,5
13020495,19,5
13020495,20,5
13020495,21,5
13020495,22,5
13020495,23,5
13020495,24,5
13020495,25,5
13020495,26,4
13020495,30,2
13020495,33,5
13020495,38,3
13020496,1,7.1
13020496,2,6
13020496,5,8.6
13020496,6,8.2
13020496,7,5.2
13020496,8,4.5
13020496,9,4.8
13020496,10,3.6
13020496,11,6.5
13020496,12,5.9
13020496,13,5.7
13020496,14,8.5
13020496,16,5.4
13020496,19,7.1
13020496,20,7
13020496,21,8.5
13020496,22,5.7
13020496,23,8
13020496,25,7.1
13020496,26,7
13020511,1,2
13020511,2,2
13020511,3,2
13020511,5,3
13020511,6,2
13020511,7,3
13020511,8,3
13020511,10,4
13020511,11,2
13020511,12,2
13020511,13,3
13020511,14,4
13020511,15,4
13020511,16,3
13020511,17,4
13020511,19,3
13020511,20,3
13020511,21,1
13020511,22,4
13020511,23,4
13020511,24,4
13020511,25,3
13020511,26,3
13020511,30,3
13020511,33,4
13020034,1,2
13020034,2,2
13020034,3,5
13020034,5,4
13020034,6,4
13020034,7,4
13020034,8,3
13020034,9,4
13020034,10,3
13020034,11,4
13020034,12,1
13020034,13,3
13020034,14,2
13020034,15,2
13020034,16,2
13020034,17,1
13020034,19,1
13020034,20,2
13020034,21,1
13020034,22,3
13020034,23,2
13020034,24,2
13020034,25,2
13020034,26,2
13020034,30,1
13020034,32,1
13020034,38,2
13020044,1,2
13020044,2,3
13020044,3,4
13020044,5,2
13020044,6,1
13020044,7,4
13020044,8,4
13020044,9,4
13020044,10,3
13020044,11,3
13020044,12,1
13020044,13,4
13020044,14,2
13020044,15,3
13020044,16,4
13020044,17,4
13020044,19,4
13020044,20,2
13020044,21,1
13020044,22,3
13020044,23,3
13020044,24,2
13020044,25,2
13020044,26,3
13020044,30,2
13020044,32,2
13020052,1,4
13020052,2,5
13020052,3,4
13020052,5,2
13020052,6,2
13020052,7,4
13020052,8,4
13020052,9,5
13020052,10,3
13020052,11,2
13020052,12,1
13020052,13,4
13020052,14,3
13020052,15,4
13020052,16,3
13020052,17,4
13020052,19,4
13020052,20,3
13020052,21,2
13020052,22,4
13020052,23,3
13020052,24,3
13020052,25,5
13020052,26,1
13020052,30,3
13020052,33,3
13020054,1,5
13020054,2,3
13020054,3,5
13020054,5,2
13020054,6,4
13020054,7,2
13020054,8,2
13020054,9,2
13020054,10,2
13020054,11,3
13020054,12,2
13020054,13,4
13020054,14,3
13020054,15,3
13020054,16,4
13020054,17,2
13020054,19,4
13020054,20,2
13020054,21,1
13020054,22,3
13020054,23,4
13020054,24,2
13020054,25,1
13020054,26,3
13020054,30,2
13020054,33,5
13020055,1,2
13020055,2,2
13020055,3,3
13020055,5,1
13020055,6,2
13020055,7,3
13020055,8,3
13020055,10,4
13020055,11,3
13020055,12,3
13020055,13,4
13020055,14,3
13020055,15,3
13020055,16,2
13020055,17,4
13020055,19,2
13020055,20,3
13020055,21,1
13020055,22,3
13020055,23,4
13020055,24,3
13020055,25,3
13020055,26,3
13020055,30,3
13020055,33,4
13020057,1,5.3
13020057,2,5.9
13020057,3,8.4
13020057,5,6.9
13020057,6,7.9
13020057,7,6.2
13020057,8,10
13020057,9,10
13020057,10,8
13020057,11,6.3
13020057,12,6.5
13020057,13,4.6
13020057,14,8.1
13020057,16,8.3
13020057,19,8.4
13020057,20,5.2
13020057,21,7.5
13020057,22,6.6
13020057,23,6.5
13020057,25,5.5
13020057,26,9.7
13020583,1,3
13020583,2,5
13020583,3,3
13020583,5,2
13020583,6,1
13020583,7,3
13020583,8,1
13020583,9,1
13020583,10,4
13020583,11,3
13020583,12,4
13020583,13,2
13020583,14,2
13020583,15,5
13020583,16,4
13020583,17,3
13020583,19,3
13020583,20,3
13020583,21,1
13020583,23,1
13020583,24,5
13020583,25,3
13020583,26,4
13020583,30,2
13020583,32,3
13020583,38,3
13020094,1,4.4
13020094,2,6.3
13020094,5,4.8
13020094,6,5.8
13020094,7,6.5
13020094,8,6.6
13020094,9,5.4
13020094,10,6.6
13020094,11,6
13020094,12,8.3
13020094,13,4.4
13020094,14,6.2
13020094,16,7.1
13020094,19,7.9
13020094,20,6
13020094,21,9.7
13020094,22,5.6
13020094,23,8.1
13020094,25,7.5
13020094,26,6
13020092,5,6.9
13020092,6,5.4
13020092,8,6.1
13020092,10,5.7
13020092,11,7.9
13020092,12,6.8
13020092,26,6.1
13020099,1,4
13020099,2,3
13020099,3,3
13020099,5,3
13020099,6,2
13020099,7,2
13020099,8,3
13020099,9,4
13020099,10,4
13020099,11,3
13020099,12,2
13020099,13,3
13020099,14,2
13020099,15,5
13020099,16,3
13020099,17,3
13020099,19,4
13020099,20,3
13020099,21,2
13020099,22,3
13020099,23,5
13020099,24,3
13020099,25,4
13020099,26,2
13020099,30,3
13020099,33,4
13020153,1,3
13020153,2,5
13020153,3,2
13020153,5,2
13020153,6,2
13020153,7,3
13020153,8,3
13020153,9,4
13020153,10,4
13020153,11,2
13020153,12,3
13020153,13,4
13020153,14,3
13020153,15,5
13020153,16,3
13020153,17,5
13020153,19,4
13020153,20,4
13020153,21,4
13020153,23,2
13020153,24,4
13020153,25,4
13020153,26,4
13020153,30,1
13020153,32,3
13020155,1,2
13020155,2,2
13020155,3,2
13020155,5,1
13020155,6,1
13020155,7,1
13020155,8,1
13020155,9,1
13020155,10,2
13020155,11,2
13020155,12,5
13020155,13,3
13020155,14,2
13020155,15,5
13020155,16,5
13020155,17,4
13020155,19,3
13020155,20,5
13020155,21,4
13020155,22,1
13020155,23,2
13020155,24,3
13020155,25,3
13020155,26,1
13020155,30,4
13020155,33,5
13020169,1,2
13020169,2,4
13020169,3,3
13020169,5,3
13020169,6,4
13020169,7,4
13020169,8,4
13020169,10,5
13020169,11,4
13020169,12,4
13020169,13,2
13020169,14,2
13020169,15,5
13020169,16,4
13020169,17,4
13020169,19,4
13020169,20,4
13020169,21,2
13020169,22,4
13020169,23,3
13020169,24,5
13020169,25,4
13020169,26,5
13020169,30,2
13020169,33,4
13020173,1,4
13020173,2,2
13020173,3,4
13020173,5,2
13020173,6,4
13020173,7,3
13020173,8,3
13020173,9,3
13020173,10,4
13020173,11,2
13020173,12,3
13020173,13,3
13020173,14,3
13020173,15,3
13020173,16,2
13020173,17,3
13020173,19,3
13020173,20,2
13020173,21,3
13020173,22,3
13020173,23,3
13020173,24,2
13020173,25,2
13020173,26,4
13020173,30,2
13020173,33,3
13020176,1,2
13020176,2,3
13020176,3,3
13020176,5,2
13020176,6,2
13020176,7,3
13020176,8,3
13020176,9,4
13020176,10,4
13020176,11,2
13020176,12,3
13020176,13,4
13020176,14,4
13020176,15,4
13020176,16,3
13020176,17,5
13020176,19,4
13020176,20,3
13020176,21,4
13020176,22,3
13020176,23,3
13020176,24,4
13020176,25,4
13020176,26,4
13020176,30,5
13020176,33,5
13020184,1,4
13020184,2,4
13020184,3,3
13020184,5,2
13020184,6,4
13020184,7,2
13020184,8,1
13020184,9,1
13020184,10,4
13020184,11,3
13020184,12,4
13020184,13,4
13020184,14,2
13020184,15,5
13020184,16,3
13020184,17,4
13020184,19,5
13020184,20,4
13020184,21,1
13020184,22,4
13020184,23,3
13020184,24,4
13020184,25,2
13020184,26,1
13020184,30,1
13020184,33,4
13020184,38,3
13020184,49,5
13020191,1,4
13020191,2,3
13020191,3,3
13020191,5,2
13020191,6,2
13020191,7,3
13020191,8,3
13020191,9,3
13020191,10,4
13020191,11,3
13020191,12,2
13020191,13,4
13020191,14,2
13020191,15,3
13020191,16,2
13020191,17,3
13020191,19,4
13020191,20,2
13020191,21,1
13020191,22,2
13020191,24,2
13020191,25,3
13020191,26,4
13020191,30,2
13020191,32,2
13020234,1,3
13020234,2,3
13020234,3,3
13020234,5,2
13020234,6,1
13020234,7,2
13020234,8,3
13020234,9,4
13020234,10,4
13020234,11,3
13020234,12,2
13020234,13,4
13020234,14,3
13020234,15,3
13020234,16,3
13020234,17,5
13020234,19,2
13020234,20,2
13020234,21,2
13020234,22,3
13020234,23,3
13020234,24,2
13020234,25,3
13020234,26,2
13020234,30,3
13020234,32,3
13020244,1,4
13020244,2,2
13020244,3,4
13020244,5,3
13020244,6,3
13020244,7,3
13020244,8,3
13020244,9,4
13020244,10,5
13020244,11,3
13020244,12,3
13020244,13,4
13020244,14,3
13020244,15,3
13020244,16,2
13020244,17,4
13020244,19,3
13020244,20,3
13020244,21,1
13020244,23,3
13020244,24,3
13020244,25,4
13020244,26,3
13020244,30,2
13020244,33,4
13020263,1,4.8
13020263,2,6
13020263,5,7.2
13020263,6,4.6
13020263,7,4.9
13020263,8,5.5
13020263,9,4.3
13020263,10,5
13020263,11,6.1
13020263,12,8.7
13020263,13,5.7
13020263,14,8.3
13020263,16,7.9
13020263,19,7.7
13020263,20,6.5
13020263,21,9.2
13020263,22,6.7
13020263,23,6.9
13020263,25,6.6
13020263,26,5.9
13020282,1,2
13020282,2,4
13020282,3,4
13020282,5,3
13020282,6,3
13020282,7,3
13020282,8,3
13020282,9,4
13020282,10,4
13020282,11,3
13020282,12,2
13020282,13,3
13020282,14,1
13020282,15,3
13020282,16,1
13020282,17,2
13020282,19,1
13020282,20,1
13020282,21,1
13020282,22,5
13020282,23,3
13020282,24,1
13020282,25,2
13020282,26,2
13020282,30,2
13020282,33,2
13020282,38,3
13020293,1,3
13020293,2,3
13020293,3,5
13020293,5,2
13020293,6,4
13020293,7,3
13020293,8,3
13020293,9,4
13020293,10,4
13020293,11,3
13020293,12,2
13020293,13,3
13020293,14,2
13020293,15,5
13020293,16,2
13020293,17,3
13020293,19,1
13020293,20,2
13020293,21,1
13020293,22,2
13020293,23,3
13020293,24,3
13020293,25,1
13020293,26,3
13020293,30,2
13020293,32,2
13020311,1,8.3
13020311,2,7
13020311,5,7.4
13020311,6,8.2
13020311,7,4.7
13020311,8,4.7
13020311,9,4.2
13020311,10,5.8
13020311,11,8.1
13020311,12,8.5
13020311,13,6.6
13020311,14,9.1
13020311,16,6.8
13020311,19,8.1
13020311,20,9
13020311,21,10
13020311,22,5.4
13020311,23,6
13020311,25,8.6
13020311,26,7.1
13020311,38,5.8
13020321,5,8.5
13020321,6,5.9
13020321,7,5.1
13020321,8,10
13020321,10,6.7
13020321,11,6.6
13020321,12,9.3
13020321,13,7
13020321,26,8.5
13020553,1,5
13020553,5,1
13020553,6,2
13020553,7,2
13020553,8,5
13020553,10,4
13020553,11,3
13020553,12,4
13020553,13,5
13020553,14,5
13020553,15,5
13020553,16,3
13020553,17,5
13020553,19,5
13020553,20,3
13020553,21,1
13020553,22,3
13020553,23,4
13020553,24,5
13020553,25,5
13020553,26,4
13020553,30,3
13020553,32,5
13020337,1,4
13020337,2,4
13020337,3,3
13020337,5,2
13020337,6,4
13020337,7,2
13020337,8,1
13020337,9,1
13020337,10,4
13020337,11,3
13020337,12,4
13020337,13,3
13020337,14,2
13020337,15,5
13020337,16,4
13020337,17,3
13020337,19,4
13020337,20,4
13020337,21,3
13020337,22,2
13020337,23,3
13020337,24,4
13020337,25,4
13020337,26,3
13020337,30,3
13020337,32,3
13020382,1,4
13020382,2,3
13020382,3,2
13020382,5,1
13020382,6,4
13020382,7,3
13020382,8,2
13020382,9,3
13020382,10,4
13020382,11,3
13020382,12,3
13020382,13,4
13020382,14,3
13020382,15,5
13020382,16,3
13020382,17,3
13020382,19,1
13020382,20,2
13020382,21,1
13020382,22,1
13020382,23,5
13020382,24,2
13020382,25,2
13020382,26,2
13020382,30,2
13020382,32,3
13020421,1,3
13020421,2,2
13020421,3,2
13020421,5,2
13020421,6,1
13020421,7,1
13020421,8,1
13020421,9,1
13020421,10,3
13020421,11,3
13020421,12,1
13020421,13,3
13020421,14,1
13020421,15,2
13020421,16,2
13020421,17,2
13020421,19,1
13020421,20,2
13020421,21,1
13020421,22,3
13020421,23,2
13020421,24,1
13020421,25,2
13020421,26,4
13020421,30,2
13020421,32,2
13020421,63,2
13020430,1,2
13020430,2,4
13020430,3,3
13020430,5,4
13020430,6,2
13020430,7,3
13020430,8,3
13020430,9,4
13020430,10,4
13020430,11,3
13020430,12,1
13020430,13,1
13020430,14,3
13020430,15,4
13020430,16,1
13020430,17,3
13020430,19,2
13020430,20,4
13020430,21,1
13020430,22,5
13020430,23,4
13020430,24,1
13020430,25,2
13020430,26,3
13020430,30,2
13020430,33,4
13020430,49,2
13020437,1,4
13020437,2,3
13020437,3,4
13020437,5,2
13020437,6,2
13020437,7,3
13020437,8,2
13020437,9,3
13020437,10,3
13020437,11,2
13020437,12,2
13020437,13,4
13020437,14,2
13020437,15,4
13020437,16,2
13020437,17,4
13020437,19,2
13020437,20,1
13020437,21,1
13020437,22,3
13020437,23,2
13020437,24,3
13020437,25,3
13020437,26,1
13020437,30,2
13020437,33,5
13020443,1,4
13020443,2,3
13020443,3,3
13020443,5,1
13020443,6,3
13020443,7,4
13020443,8,4
13020443,10,3
13020443,11,2
13020443,12,1
13020443,13,3
13020443,14,1
13020443,15,4
13020443,16,3
13020443,17,4
13020443,19,1
13020443,20,5
13020443,21,1
13020443,22,3
13020443,23,4
13020443,24,4
13020443,25,5
13020443,26,5
13020443,30,3
13020443,33,3
13020443,38,4
13020468,1,4
13020468,2,2
13020468,3,2
13020468,5,3
13020468,6,4
13020468,7,2
13020468,8,2
13020468,9,3
13020468,10,5
13020468,11,4
13020468,12,3
13020468,13,3
13020468,14,1
13020468,15,3
13020468,16,2
13020468,17,2
13020468,19,1
13020468,20,3
13020468,22,2
13020468,23,2
13020468,24,3
13020468,25,2
13020468,26,3
13020468,30,2
13020468,33,4
13020468,49,4
13020470,1,4.9
13020470,2,6.5
13020470,5,8.5
13020470,6,6.3
13020470,7,5.8
13020470,8,10
13020470,9,5.2
13020470,10,8.3
13020470,11,7.1
13020470,12,8.8
13020470,13,5.2
13020470,16,3.9
13020470,19,5.5
13020470,20,2.3
13020470,21,7.1
13020470,22,6.4
13020470,23,4.1
13020470,25,0
13020470,26,5.8
13020499,1,4
13020499,2,2
13020499,3,4
13020499,5,2
13020499,6,2
13020499,7,2
13020499,8,3
13020499,10,4
13020499,11,2
13020499,12,1
13020499,13,3
13020499,14,3
13020499,15,4
13020499,16,1
13020499,17,3
13020499,19,1
13020499,20,1
13020499,21,1
13020499,22,2
13020499,23,3
13020499,24,3
13020499,25,3
13020499,26,1
13020499,30,1
13020499,33,2
13020472,1,3
13020472,2,2
13020472,3,3
13020472,5,2
13020472,6,4
13020472,7,3
13020472,8,4
13020472,9,4
13020472,10,4
13020472,11,3
13020472,12,1
13020472,13,3
13020472,14,3
13020472,15,4
13020472,16,4
13020472,17,3
13020472,19,3
13020472,20,4
13020472,21,2
13020472,22,3
13020472,23,4
13020472,24,4
13020472,25,2
13020472,26,5
13020472,30,2
13020472,33,3
13020477,1,4
13020477,2,2
13020477,3,4
13020477,5,1
13020477,6,2
13020477,7,3
13020477,8,2
13020477,9,3
13020477,10,3
13020477,11,2
13020477,12,2
13020477,13,2
13020477,14,2
13020477,15,4
13020477,16,1
13020477,17,3
13020477,19,2
13020477,20,2
13020477,21,1
13020477,22,3
13020477,23,3
13020477,24,3
13020477,25,2
13020477,26,2
13020477,30,2
13020477,32,1
13020718,1,2
13020718,2,2
13020718,3,2
13020718,5,3
13020718,6,4
13020718,7,5
13020718,10,4
13020718,11,4
13020718,12,3
13020718,13,4
13020718,14,5
13020718,15,5
13020718,16,4
13020718,17,5
13020718,19,4
13020718,20,4
13020718,21,4
13020718,22,2
13020718,23,4
13020718,24,4
13020718,26,5
13020718,30,2
13020718,33,4
13020493,1,5
13020493,2,4
13020493,3,3
13020493,5,2
13020493,6,4
13020493,7,4
13020493,8,4
13020493,9,4
13020493,10,5
13020493,11,2
13020493,12,3
13020493,13,3
13020493,14,1
13020493,15,5
13020493,16,5
13020493,17,4
13020493,19,5
13020493,20,4
13020493,21,1
13020493,22,5
13020493,23,5
13020493,24,5
13020493,25,2
13020493,26,4
13020493,30,5
13020493,32,3
13020485,1,2
13020485,2,2
13020485,3,2
13020485,5,1
13020485,6,3
13020485,7,3
13020485,8,1
13020485,9,1
13020485,10,3
13020485,11,3
13020485,12,2
13020485,13,3
13020485,14,2
13020485,15,3
13020485,16,2
13020485,17,2
13020485,19,3
13020485,20,1
13020485,21,1
13020485,22,3
13020485,23,3
13020485,24,3
13020485,25,1
13020485,26,2
13020485,30,2
13020485,33,2
13020706,1,4
13020706,2,4
13020706,3,3
13020706,5,2
13020706,6,4
13020706,7,5
13020706,8,5
13020706,10,4
13020706,11,4
13020706,13,4
13020706,14,4
13020706,15,5
13020706,16,3
13020706,17,5
13020706,19,3
13020706,20,3
13020706,21,2
13020706,22,3
13020706,23,4
13020706,24,4
13020706,25,2
13020706,26,3
13020706,30,2
13020706,31,4
13020518,1,2
13020518,2,3
13020518,3,4
13020518,5,3
13020518,6,2
13020518,7,3
13020518,8,3
13020518,10,4
13020518,11,2
13020518,12,2
13020518,13,3
13020518,14,4
13020518,15,5
13020518,16,2
13020518,17,4
13020518,19,3
13020518,20,4
13020518,21,1
13020518,22,4
13020518,23,5
13020518,24,4
13020518,25,5
13020518,26,1
13020518,30,2
13020518,33,4
13020518,48,5
13020578,1,2
13020578,2,3
13020578,3,2
13020578,5,2
13020578,6,4
13020578,7,2
13020578,8,3
13020578,9,4
13020578,10,3
13020578,11,2
13020578,12,1
13020578,13,2
13020578,14,1
13020578,15,3
13020578,16,3
13020578,17,3
13020578,19,3
13020578,20,3
13020578,21,2
13020578,22,4
13020578,23,3
13020578,24,3
13020578,25,3
13020578,26,4
13020578,30,2
13020578,33,3
13020003,1,2
13020003,2,3
13020003,3,3
13020003,5,2
13020003,6,2
13020003,7,2
13020003,8,2
13020003,10,2
13020003,11,2
13020003,12,2
13020003,13,3
13020003,14,1
13020003,15,2
13020003,16,2
13020003,17,3
13020003,19,3
13020003,20,2
13020003,21,1
13020003,22,3
13020003,23,1
13020003,24,1
13020003,25,3
13020003,26,1
13020003,30,2
13020003,31,2
13020003,32,1
13020006,1,4
13020006,2,4
13020006,3,5
13020006,5,2
13020006,6,2
13020006,7,2
13020006,8,2
13020006,9,1
13020006,10,4
13020006,11,4
13020006,12,4
13020006,13,3
13020006,14,4
13020006,15,4
13020006,16,2
13020006,17,2
13020006,19,1
13020006,20,2
13020006,21,1
13020006,23,4
13020006,24,5
13020006,25,4
13020006,26,3
13020006,30,2
13020006,33,4
13020579,1,4
13020579,2,1
13020579,3,4
13020579,5,1
13020579,6,1
13020579,7,3
13020579,8,3
13020579,9,4
13020579,10,4
13020579,11,2
13020579,12,3
13020579,13,2
13020579,14,4
13020579,15,2
13020579,16,3
13020579,17,1
13020579,19,4
13020579,20,4
13020579,21,4
13020579,23,1
13020579,24,2
13020579,25,2
13020579,26,2
13020579,30,2
13020579,32,2
13020020,1,2
13020020,2,3
13020020,3,2
13020020,5,2
13020020,6,3
13020020,7,3
13020020,8,5
13020020,10,4
13020020,11,2
13020020,12,5
13020020,13,4
13020020,14,3
13020020,16,5
13020020,17,5
13020020,19,5
13020020,20,5
13020020,21,2
13020020,22,5
13020020,23,5
13020020,25,5
13020020,26,5
13020020,32,2
13020024,1,3
13020024,2,2
13020024,3,2
13020024,5,2
13020024,6,1
13020024,7,4
13020024,8,3
13020024,9,2
13020024,10,3
13020024,11,3
13020024,12,1
13020024,13,2
13020024,14,1
13020024,15,1
13020024,16,2
13020024,17,1
13020024,19,2
13020024,20,1
13020024,21,1
13020024,22,2
13020024,23,3
13020024,24,3
13020024,25,2
13020024,26,2
13020024,30,2
13020024,33,3
13020024,38,1
13020614,1,3
13020614,2,5
13020614,5,2
13020614,6,2
13020614,7,1
13020614,8,1
13020614,9,1
13020614,10,3
13020614,11,3
13020614,12,3
13020614,13,3
13020614,14,2
13020614,15,5
13020614,16,2
13020614,17,5
13020614,19,4
13020614,20,4
13020614,21,4
13020614,22,2
13020614,23,4
13020614,24,4
13020614,25,3
13020614,26,4
13020614,30,3
13020048,1,4
13020048,2,2
13020048,3,2
13020048,5,3
13020048,6,1
13020048,7,4
13020048,8,3
13020048,9,3
13020048,10,2
13020048,11,3
13020048,12,2
13020048,13,3
13020048,14,3
13020048,15,3
13020048,16,1
13020048,17,3
13020048,19,4
13020048,20,2
13020048,21,3
13020048,22,4
13020048,23,3
13020048,24,4
13020048,25,3
13020048,26,1
13020048,30,2
13020048,32,1
13020051,1,7.9
13020051,2,7.7
13020051,5,7.3
13020051,6,4.8
13020051,7,10
13020051,8,10
13020051,9,10
13020051,10,7.9
13020051,11,6.2
13020051,12,8.6
13020051,13,7.1
13020051,14,9
13020051,16,6.5
13020051,19,8.9
13020051,20,6.5
13020051,21,10
13020051,22,7.4
13020051,23,6.7
13020051,25,6.6
13020051,26,8
13020051,38,6.9
13020056,1,2
13020056,2,3
13020056,3,2
13020056,5,3
13020056,6,2
13020056,7,1
13020056,8,3
13020056,10,3
13020056,11,3
13020056,12,1
13020056,13,3
13020056,14,2
13020056,15,3
13020056,16,3
13020056,17,3
13020056,19,4
13020056,20,4
13020056,21,2
13020056,22,2
13020056,23,2
13020056,24,1
13020056,25,4
13020056,26,3
13020056,30,2
13020056,32,1
13020056,58,1
13020084,1,3
13020084,2,3
13020084,3,2
13020084,5,2
13020084,6,3
13020084,7,1
13020084,8,1
13020084,9,1
13020084,10,4
13020084,11,3
13020084,12,4
13020084,13,3
13020084,14,3
13020084,15,5
13020084,16,5
13020084,17,2
13020084,19,4
13020084,20,4
13020084,21,3
13020084,22,4
13020084,23,2
13020084,24,4
13020084,25,5
13020084,26,5
13020084,30,3
13020084,33,5
13020073,1,3
13020073,2,3
13020073,3,3
13020073,5,2
13020073,6,1
13020073,7,4
13020073,8,3
13020073,10,4
13020073,11,3
13020073,12,3
13020073,13,4
13020073,14,2
13020073,15,3
13020073,16,2
13020073,17,1
13020073,19,2
13020073,20,3
13020073,21,2
13020073,22,4
13020073,23,3
13020073,24,3
13020073,26,3
13020073,30,2
13020073,32,1
13020073,58,1
13020095,1,4
13020095,2,4
13020095,3,3
13020095,5,1
13020095,6,1
13020095,7,2
13020095,8,1
13020095,9,3
13020095,10,3
13020095,11,3
13020095,12,2
13020095,13,4
13020095,14,1
13020095,15,4
13020095,16,2
13020095,17,3
13020095,19,2
13020095,20,3
13020095,21,1
13020095,22,3
13020095,23,4
13020095,24,3
13020095,25,1
13020095,26,3
13020095,30,3
13020095,33,3
13020100,1,2
13020100,2,2
13020100,3,5
13020100,5,2
13020100,6,2
13020100,7,3
13020100,8,2
13020100,9,1
13020100,10,2
13020100,11,3
13020100,12,1
13020100,13,4
13020100,14,2
13020100,15,2
13020100,16,2
13020100,17,2
13020100,19,1
13020100,20,1
13020100,21,1
13020100,23,1
13020100,24,1
13020100,25,1
13020100,26,1
13020100,30,2
13020100,32,2
13020100,45,2
13020100,49,1
13020726,1,2
13020726,2,3
13020726,3,4
13020726,5,2
13020726,6,1
13020726,7,4
13020726,8,3
13020726,9,3
13020726,10,3
13020726,11,3
13020726,12,3
13020726,13,3
13020726,14,3
13020726,15,3
13020726,16,1
13020726,17,3
13020726,19,2
13020726,20,2
13020726,21,2
13020726,22,3
13020726,23,2
13020726,24,3
13020726,25,3
13020726,26,1
13020726,30,2
13020726,33,5
13020133,5,6.8
13020133,6,4
13020133,7,6.2
13020133,8,6.4
13020133,10,5.8
13020133,11,7
13020133,12,5.6
13020133,13,4.4
13020539,1,3
13020539,2,2
13020539,3,5
13020539,5,2
13020539,6,3
13020539,7,2
13020539,8,3
13020539,9,4
13020539,10,4
13020539,11,2
13020539,12,2
13020539,13,2
13020539,14,4
13020539,15,3
13020539,16,2
13020539,17,3
13020539,19,2
13020539,20,3
13020539,21,2
13020539,22,3
13020539,23,4
13020539,24,3
13020539,25,2
13020539,26,3
13020539,30,1
13020539,33,3
13020539,49,2
13020139,1,5
13020139,2,5
13020139,5,2
13020139,6,3
13020139,7,3
13020139,8,5
13020139,9,5
13020139,10,5
13020139,11,3
13020139,12,5
13020139,13,3
13020139,14,4
13020139,15,5
13020139,16,3
13020139,17,5
13020139,20,4
13020139,21,1
13020139,25,5
13020139,26,5
13020139,30,5
13020541,1,3
13020541,2,4
13020541,3,3
13020541,5,3
13020541,6,3
13020541,7,4
13020541,8,3
13020541,10,4
13020541,11,1
13020541,12,3
13020541,13,2
13020541,14,3
13020541,15,2
13020541,16,3
13020541,17,3
13020541,19,2
13020541,20,3
13020541,21,3
13020541,22,1
13020541,24,3
13020541,25,3
13020541,26,3
13020541,33,3
13020149,1,2
13020149,2,3
13020149,3,1
13020149,5,2
13020149,6,4
13020149,7,3
13020149,8,2
13020149,9,3
13020149,10,3
13020149,11,3
13020149,12,1
13020149,13,4
13020149,14,2
13020149,15,2
13020149,16,4
13020149,17,3
13020149,19,3
13020149,20,4
13020149,21,1
13020149,22,3
13020149,23,5
13020149,24,2
13020149,25,2
13020149,26,3
13020149,30,2
13020149,32,1
13020149,45,2
13020174,1,3.8
13020174,2,5.1
13020174,5,8
13020174,6,8.3
13020174,7,6.8
13020174,8,6.9
13020174,9,5.9
13020174,10,6.3
13020174,11,7.9
13020174,12,8.4
13020174,13,7.4
13020174,14,8.5
13020174,16,7.2
13020174,19,6
13020174,20,6
13020174,21,10
13020174,22,5.2
13020174,23,5.8
13020174,25,4.8
13020174,26,8.8
13020702,1,5
13020702,3,5
13020702,5,3
13020702,6,4
13020702,7,2
13020702,8,5
13020702,10,5
13020702,11,4
13020702,12,4
13020702,13,4
13020702,14,5
13020702,15,5
13020702,16,4
13020702,17,5
13020702,20,5
13020702,21,5
13020702,24,5
13020702,26,4
13020186,1,4
13020186,2,4
13020186,3,2
13020186,5,3
13020186,6,4
13020186,7,3
13020186,8,3
13020186,9,5
13020186,10,4
13020186,11,4
13020186,12,1
13020186,13,1
13020186,14,3
13020186,15,4
13020186,16,4
13020186,17,5
13020186,19,4
13020186,20,3
13020186,21,2
13020186,22,4
13020186,23,5
13020186,24,2
13020186,26,5
13020186,30,2
13020186,32,3
13020200,1,3
13020200,2,3
13020200,3,2
13020200,5,2
13020200,6,1
13020200,7,2
13020200,8,1
13020200,9,1
13020200,10,4
13020200,11,3
13020200,12,4
13020200,13,4
13020200,14,1
13020200,15,3
13020200,16,1
13020200,17,3
13020200,19,3
13020200,20,2
13020200,21,2
13020200,22,3
13020200,23,3
13020200,24,2
13020200,25,4
13020200,26,1
13020200,30,2
13020200,33,3
13020202,5,8.6
13020202,6,9.4
13020202,7,7.6
13020202,8,4.5
13020202,10,6.4
13020202,11,5.7
13020202,12,5.6
13020202,13,8
13020202,26,8.9
13020223,1,3
13020223,2,3
13020223,3,2
13020223,5,2
13020223,6,4
13020223,7,4
13020223,10,3
13020223,11,3
13020223,12,3
13020223,13,3
13020223,14,3
13020223,15,2
13020223,16,3
13020223,17,3
13020223,19,3
13020223,20,3
13020223,21,1
13020223,22,2
13020223,23,3
13020223,24,2
13020223,25,4
13020223,26,2
13020223,30,2
13020223,32,3
13020714,1,4
13020714,2,2
13020714,3,2
13020714,5,3
13020714,6,3
13020714,7,3
13020714,10,4
13020714,11,4
13020714,12,5
13020714,13,4
13020714,14,3
13020714,15,3
13020714,16,3
13020714,17,4
13020714,19,4
13020714,20,3
13020714,21,4
13020714,22,4
13020714,23,5
13020714,24,3
13020714,26,5
13020714,30,2
13020714,32,2
13020714,58,3
13020703,1,4
13020703,2,4
13020703,3,2
13020703,5,2
13020703,6,2
13020703,7,4
13020703,8,2
13020703,9,4
13020703,10,3
13020703,11,4
13020703,12,4
13020703,13,3
13020703,14,4
13020703,15,4
13020703,16,2
13020703,17,4
13020703,19,2
13020703,20,2
13020703,21,4
13020703,22,3
13020703,23,3
13020703,24,2
13020703,25,1
13020703,26,2
13020703,30,2
13020703,32,3
13020247,1,4
13020247,2,2
13020247,3,3
13020247,4,5
13020247,5,2
13020247,6,1
13020247,7,3
13020247,9,1
13020247,10,3
13020247,11,3
13020247,12,1
13020247,13,3
13020247,14,1
13020247,15,1
13020247,16,2
13020247,17,1
13020247,19,2
13020247,20,1
13020247,21,1
13020247,23,3
13020247,24,1
13020247,25,2
13020247,26,2
13020247,30,2
13020247,32,1
13020261,1,3
13020261,2,2
13020261,3,2
13020261,5,1
13020261,6,1
13020261,7,3
13020261,8,3
13020261,9,1
13020261,10,2
13020261,11,3
13020261,12,2
13020261,13,3
13020261,14,1
13020261,15,2
13020261,16,1
13020261,17,1
13020261,19,2
13020261,20,2
13020261,21,2
13020261,22,2
13020261,23,3
13020261,24,1
13020261,25,1
13020261,26,1
13020261,30,2
13020261,32,1
13020261,45,2
13020630,1,2
13020630,2,3
13020630,3,2
13020630,5,1
13020630,6,2
13020630,7,1
13020630,8,1
13020630,9,1
13020630,10,2
13020630,11,1
13020630,12,1
13020630,13,3
13020630,14,1
13020630,15,1
13020630,16,2
13020630,17,1
13020630,19,2
13020630,20,1
13020630,21,1
13020630,23,2
13020630,24,1
13020630,25,1
13020630,26,2
13020630,30,2
13020630,32,1
13020630,58,2
13020295,1,6.5
13020295,2,7.7
13020295,5,7.4
13020295,6,7.6
13020295,7,8.1
13020295,8,0
13020295,10,9
13020295,11,8.7
13020295,12,9.5
13020295,13,6.7
13020295,14,8.7
13020295,16,6.5
13020295,19,9
13020295,20,0
13020295,21,0
13020295,22,7.9
13020295,23,5.5
13020295,25,0
13020295,26,6
13020705,1,4
13020705,2,4
13020705,3,4
13020705,5,2
13020705,6,4
13020705,7,2
13020705,8,4
13020705,9,4
13020705,10,4
13020705,11,2
13020705,12,5
13020705,13,2
13020705,14,3
13020705,15,5
13020705,16,5
13020705,17,5
13020705,19,5
13020705,20,5
13020705,21,2
13020705,23,5
13020705,24,5
13020705,26,4
13020705,33,5
13020335,1,4
13020335,2,3
13020335,3,2
13020335,5,2
13020335,6,3
13020335,7,3
13020335,8,4
13020335,10,2
13020335,11,3
13020335,12,1
13020335,13,3
13020335,14,1
13020335,15,2
13020335,16,3
13020335,17,3
13020335,19,2
13020335,20,3
13020335,21,1
13020335,22,2
13020335,23,3
13020335,24,3
13020335,25,2
13020335,26,3
13020335,30,2
13020335,33,2
13020339,1,4
13020339,2,4
13020339,3,5
13020339,5,3
13020339,6,4
13020339,7,3
13020339,8,4
13020339,9,5
13020339,10,5
13020339,11,2
13020339,12,4
13020339,13,4
13020339,14,3
13020339,15,4
13020339,16,4
13020339,17,4
13020339,19,2
13020339,20,3
13020339,21,2
13020339,22,3
13020339,23,3
13020339,24,2
13020339,26,4
13020339,30,2
13020339,32,3
13020339,38,4
13020339,58,4
13020556,1,3
13020556,2,3
13020556,3,2
13020556,5,3
13020556,6,3
13020556,7,3
13020556,8,3
13020556,10,4
13020556,11,1
13020556,12,1
13020556,13,2
13020556,14,3
13020556,15,3
13020556,16,4
13020556,17,3
13020556,19,3
13020556,20,5
13020556,21,4
13020556,22,3
13020556,23,3
13020556,24,4
13020556,25,2
13020556,26,3
13020556,30,2
13020556,32,2
13020346,1,5.9
13020346,2,7
13020346,5,8.6
13020346,6,7.4
13020346,7,6.4
13020346,8,10
13020346,9,10
13020346,10,4.6
13020346,11,6.1
13020346,12,9.1
13020346,13,6.4
13020346,14,8.4
13020346,16,4.8
13020346,19,6.1
13020346,20,9.1
13020346,21,6
13020346,22,8.2
13020346,23,7.9
13020346,25,8.7
13020346,26,7.5
13020370,1,3
13020370,2,5
13020370,5,4
13020370,6,1
13020370,7,3
13020370,8,5
13020370,10,3
13020370,11,3
13020370,12,3
13020370,13,4
13020370,14,4
13020370,17,3
13020370,21,3
13020370,26,5
13020393,1,5
13020393,2,6.7
13020393,5,8.2
13020393,6,5
13020393,7,4
13020393,8,5.1
13020393,9,4.7
13020393,10,6.2
13020393,11,5.8
13020393,12,8.6
13020393,13,7.6
13020393,14,9.4
13020393,16,7.3
13020393,19,6.8
13020393,20,8.5
13020393,21,9
13020393,22,6.4
13020393,23,5.9
13020393,25,6.6
13020393,26,5.4
13020405,5,7
13020405,8,5.6
13020405,10,4.1
13020405,11,7.4
13020405,12,6.9
13020405,13,7.3
13020417,1,2
13020417,2,3
13020417,3,2
13020417,5,1
13020417,6,3
13020417,7,2
13020417,8,3
13020417,9,3
13020417,10,4
13020417,11,2
13020417,12,1
13020417,13,2
13020417,14,2
13020417,15,3
13020417,16,2
13020417,17,3
13020417,19,3
13020417,20,4
13020417,21,1
13020417,22,3
13020417,23,5
13020417,24,3
13020417,25,3
13020417,26,1
13020417,30,2
13020417,33,3
13020423,1,2
13020423,2,2
13020423,3,2
13020423,5,2
13020423,6,3
13020423,7,3
13020423,8,1
13020423,10,1
13020423,11,2
13020423,12,1
13020423,13,3
13020423,14,3
13020423,15,3
13020423,16,3
13020423,17,2
13020423,19,2
13020423,20,3
13020423,21,3
13020423,23,2
13020423,24,5
13020423,25,2
13020423,26,3
13020423,30,2
13020423,33,3
13020423,49,2
13020424,1,3
13020424,2,3
13020424,3,3
13020424,5,1
13020424,6,2
13020424,7,4
13020424,8,2
13020424,9,5
13020424,10,3
13020424,11,2
13020424,12,1
13020424,13,1
13020424,14,2
13020424,15,2
13020424,16,2
13020424,17,2
13020424,19,3
13020424,20,3
13020424,21,1
13020424,22,3
13020424,23,2
13020424,24,3
13020424,25,2
13020424,26,2
13020424,30,3
13020439,1,3
13020439,2,3
13020439,3,4
13020439,5,1
13020439,6,1
13020439,7,3
13020439,8,3
13020439,9,4
13020439,10,2
13020439,11,2
13020439,12,1
13020439,13,3
13020439,14,1
13020439,15,5
13020439,16,3
13020439,17,4
13020439,19,2
13020439,20,2
13020439,21,1
13020439,22,5
13020439,23,3
13020439,24,2
13020439,25,3
13020439,26,1
13020439,30,2
13020439,32,2
13020570,1,4
13020570,2,4
13020570,3,5
13020570,5,2
13020570,6,1
13020570,7,3
13020570,8,2
13020570,9,3
13020570,10,4
13020570,11,2
13020570,12,3
13020570,13,3
13020570,14,4
13020570,16,5
13020570,17,4
13020570,19,5
13020570,20,4
13020570,21,4
13020570,22,5
13020570,23,5
13020570,25,5
13020570,26,1
13020570,33,2
13020570,36,5
13020448,1,3
13020448,2,3
13020448,3,3
13020448,5,2
13020448,6,4
13020448,7,4
13020448,8,3
13020448,9,4
13020448,10,3
13020448,11,1
13020448,12,2
13020448,13,3
13020448,14,1
13020448,15,2
13020448,16,3
13020448,17,3
13020448,19,2
13020448,20,3
13020448,21,1
13020448,22,3
13020448,23,4
13020448,24,3
13020448,25,1
13020448,26,3
13020448,30,2
13020448,33,4
13020461,1,2
13020461,2,3
13020461,3,2
13020461,5,2
13020461,6,1
13020461,7,2
13020461,8,1
13020461,9,1
13020461,10,3
13020461,11,1
13020461,12,1
13020461,13,3
13020461,14,2
13020461,15,1
13020461,16,2
13020461,17,3
13020461,19,3
13020461,20,1
13020461,21,1
13020461,22,2
13020461,23,2
13020461,24,2
13020461,25,1
13020461,26,1
13020461,30,2
13020461,32,1
13020461,45,1
13020462,1,2
13020462,2,4
13020462,3,3
13020462,5,1
13020462,6,3
13020462,7,3
13020462,8,3
13020462,9,4
13020462,10,4
13020462,11,3
13020462,12,2
13020462,13,3
13020462,14,2
13020462,15,4
13020462,16,2
13020462,17,2
13020462,19,2
13020462,20,3
13020462,21,1
13020462,22,2
13020462,23,4
13020462,24,2
13020462,25,2
13020462,26,4
13020462,30,2
13020462,32,2
13020462,45,2
13020466,1,4
13020466,2,5
13020466,3,3
13020466,5,3
13020466,6,3
13020466,7,3
13020466,8,3
13020466,10,2
13020466,11,3
13020466,12,2
13020466,13,1
13020466,14,2
13020466,15,5
13020466,16,5
13020466,17,4
13020466,19,4
13020466,21,2
13020466,22,3
13020466,24,3
13020466,25,5
13020466,26,2
13020466,30,2
13020466,31,2
13020466,32,2
13020609,1,3
13020609,2,2
13020609,3,5
13020609,5,4
13020609,6,4
13020609,7,4
13020609,8,4
13020609,9,3
13020609,10,4
13020609,11,3
13020609,12,4
13020609,13,2
13020609,14,3
13020609,15,4
13020609,16,3
13020609,17,5
13020609,19,5
13020609,20,4
13020609,21,3
13020609,22,3
13020609,23,1
13020609,24,4
13020609,25,3
13020609,26,2
13020609,30,2
13020609,32,4
13020609,38,2
13020486,1,4
13020486,2,3
13020486,3,3
13020486,5,2
13020486,6,3
13020486,7,2
13020486,8,1
13020486,9,1
13020486,10,3
13020486,11,1
13020486,12,1
13020486,13,2
13020486,14,2
13020486,15,3
13020486,16,3
13020486,17,1
13020486,19,2
13020486,20,2
13020486,21,2
13020486,22,3
13020486,23,4
13020486,24,2
13020486,25,2
13020486,26,2
13020486,30,1
13020486,32,1
13020486,38,3
13020501,1,3
13020501,2,3
13020501,3,3
13020501,5,1
13020501,6,1
13020501,7,2
13020501,8,2
13020501,9,2
13020501,10,3
13020501,11,2
13020501,12,1
13020501,13,2
13020501,14,2
13020501,15,4
13020501,16,1
13020501,17,3
13020501,19,2
13020501,20,3
13020501,21,1
13020501,22,2
13020501,23,3
13020501,24,1
13020501,25,2
13020501,26,1
13020501,30,2
13020501,33,4
13020502,2,4.4
13020502,5,7.5
13020502,6,8.8
13020502,7,8.1
13020502,8,8.3
13020502,9,7.8
13020502,10,5.7
13020502,11,7.1
13020502,12,8.2
13020502,13,5.4
13020502,14,7.4
13020502,16,5.7
13020502,19,6.6
13020502,20,7.8
13020502,21,10
13020502,22,7.1
13020502,23,7.1
13020502,25,7.3
13020502,26,8.2
13020502,38,4.9
13020517,1,4
13020517,2,5
13020517,3,3
13020517,5,3
13020517,6,4
13020517,7,4
13020517,8,4
13020517,9,5
13020517,10,4
13020517,11,3
13020517,12,2
13020517,13,2
13020517,14,4
13020517,15,4
13020517,16,3
13020517,17,3
13020517,19,4
13020517,20,4
13020517,21,1
13020517,22,2
13020517,23,4
13020517,24,3
13020517,25,2
13020517,26,5
13020517,30,1
13020517,32,2
13020519,5,6.3
13020519,6,6.3
13020519,7,5
13020519,8,5.7
13020519,10,5.8
13020519,11,6.7
13020519,12,9
13020519,13,4.5
13020519,26,4.4
13020171,2,3
13020171,3,2
13020171,14,1
13020171,15,4
13020171,17,4
13020171,19,5
13020171,22,1
13020171,23,5
13020171,24,2
13020171,25,2
13020171,30,1
12020013,1,3
12020013,2,4
12020013,3,4
12020013,4,2
12020013,5,3
12020013,6,4
12020013,7,3
12020013,8,4
12020013,9,4
12020013,10,3
12020013,11,4
12020013,12,2
12020013,13,3
12020013,14,3
12020013,15,3
12020013,16,3
12020013,17,5
12020013,19,2
12020013,20,3
12020013,21,4
12020013,22,3
12020013,23,4
12020013,24,4
12020013,25,3
12020013,26,3
12020013,27,3
12020013,28,5
12020013,30,2
12020013,31,1
12020013,33,3
12020013,39,4
12020013,47,2
12020013,58,3
12020013,63,4
12020023,1,2
12020023,2,2
12020023,3,3
12020023,4,2
12020023,5,3
12020023,6,3
12020023,7,3
12020023,8,4
12020023,9,4
12020023,10,1
12020023,11,3
12020023,12,1
12020023,13,3
12020023,14,3
12020023,15,2
12020023,16,3
12020023,17,3
12020023,19,2
12020023,20,3
12020023,21,3
12020023,22,3
12020023,23,3
12020023,24,3
12020023,25,3
12020023,26,1
12020023,27,2
12020023,28,3
12020023,29,4
12020023,30,2
12020023,31,4
12020023,32,4
12020023,37,2
12020023,40,1
12020023,42,2
12020023,46,3
12020023,47,1
12020023,49,4
12020023,66,1
12020026,1,3
12020026,2,3
12020026,3,3
12020026,4,3
12020026,5,4
12020026,6,3
12020026,7,3
12020026,8,4
12020026,9,3
12020026,10,4
12020026,11,2
12020026,12,3
12020026,13,2
12020026,14,2
12020026,15,3
12020026,16,2
12020026,17,1
12020026,19,1
12020026,20,3
12020026,21,1
12020026,22,3
12020026,23,3
12020026,24,4
12020026,25,1
12020026,26,5
12020026,30,3
12020026,31,2
12020026,33,2
12020026,37,2
12020026,42,3
12020026,45,2
12020026,47,2
12020026,48,3
12020026,49,4
12020026,66,1
12020036,1,5
12020036,2,5
12020036,3,4
12020036,5,5
12020036,6,5
12020036,7,4
12020036,8,4
12020036,9,5
12020036,10,5
12020036,11,4
12020036,12,4
12020036,13,3
12020036,14,3
12020036,15,5
12020036,17,5
12020036,19,3
12020036,20,5
12020036,22,5
12020036,23,5
12020036,24,5
12020036,25,5
12020036,26,5
12020036,27,5
12020036,31,5
12020036,36,5
12020036,40,5
12020036,45,5
12020053,1,3
12020053,2,3
12020053,3,3
12020053,4,2
12020053,5,2
12020053,6,3
12020053,7,2
12020053,8,3
12020053,9,3
12020053,10,1
12020053,11,3
12020053,12,3
12020053,13,2
12020053,14,3
12020053,15,2
12020053,16,2
12020053,17,1
12020053,19,2
12020053,20,2
12020053,21,1
12020053,22,3
12020053,23,2
12020053,24,1
12020053,25,1
12020053,26,1
12020053,27,1
12020053,28,1
12020053,29,3
12020053,30,2
12020053,31,5
12020053,32,3
12020053,37,2
12020053,40,1
12020053,42,1
12020053,45,1
12020053,46,2
12020053,47,1
12020053,66,1
12020999,1,2
12020999,2,3
12020999,3,3
12020999,5,2
12020999,6,2
12020999,7,1
12020999,8,1
12020999,9,1
12020999,10,2
12020999,11,2
12020999,12,2
12020999,13,1
12020999,14,3
12020999,15,2
12020999,16,2
12020999,17,3
12020999,19,2
12020999,20,2
12020999,21,2
12020999,22,2
12020999,23,2
12020999,24,2
12020999,25,2
12020999,26,3
12020999,27,1
12020999,28,2
12020999,29,2
12020999,30,3
12020999,31,2
12020999,32,2
12020999,33,3
12020999,34,2
12020999,40,1
12020999,42,2
12020999,45,2
12020999,46,2
12020999,55,2
12020999,66,2
12020456,1,3
12020456,2,3
12020456,3,4
12020456,4,3
12020456,5,1
12020456,6,1
12020456,7,3
12020456,8,3
12020456,9,3
12020456,10,5
12020456,11,2
12020456,12,4
12020456,13,2
12020456,14,3
12020456,15,4
12020456,16,2
12020456,17,3
12020456,19,3
12020456,20,2
12020456,21,3
12020456,22,2
12020456,23,3
12020456,24,3
12020456,25,4
12020456,26,1
12020456,27,2
12020456,29,2
12020456,30,2
12020456,31,4
12020456,32,2
12020456,47,1
12020456,48,2
12020456,52,3
12020456,58,4
12020456,63,3
12020456,66,2
12020068,1,3
12020068,2,3
12020068,3,3
12020068,4,2
12020068,5,4
12020068,6,3
12020068,7,3
12020068,8,3
12020068,9,3
12020068,10,3
12020068,11,3
12020068,12,4
12020068,13,4
12020068,14,2
12020068,15,4
12020068,16,2
12020068,17,2
12020068,19,2
12020068,20,2
12020068,21,4
12020068,22,3
12020068,23,2
12020068,24,3
12020068,25,1
12020068,26,3
12020068,27,2
12020068,28,5
12020068,29,3
12020068,30,3
12020068,31,1
12020068,32,2
12020068,47,2
12020068,48,2
12020068,58,2
12020068,62,2
12020068,63,3
12020068,66,2
12020085,1,4
12020085,2,2
12020085,3,3
12020085,4,2
12020085,5,2
12020085,6,2
12020085,7,2
12020085,8,4
12020085,9,4
12020085,10,3
12020085,11,4
12020085,12,1
12020085,13,3
12020085,14,3
12020085,15,3
12020085,16,3
12020085,17,2
12020085,19,3
12020085,20,2
12020085,21,1
12020085,22,2
12020085,23,2
12020085,24,4
12020085,25,3
12020085,26,3
12020085,27,2
12020085,28,5
12020085,29,3
12020085,30,3
12020085,31,5
12020085,32,3
12020085,39,3
12020085,42,3
12020085,47,1
12020085,49,2
12020085,58,2
12020085,66,2
12020086,1,3
12020086,2,4
12020086,3,3
12020086,4,2
12020086,5,2
12020086,6,4
12020086,7,2
12020086,8,1
12020086,9,3
12020086,10,2
12020086,11,3
12020086,12,2
12020086,13,2
12020086,14,4
12020086,15,4
12020086,16,3
12020086,17,5
12020086,19,3
12020086,20,2
12020086,21,3
12020086,22,3
12020086,23,3
12020086,24,3
12020086,25,3
12020086,26,4
12020086,27,3
12020086,28,4
12020086,29,4
12020086,30,3
12020086,31,2
12020086,32,3
12020086,37,2
12020086,46,5
12020086,47,1
12020086,49,5
12020086,66,2
12020637,1,3
12020637,2,5
12020637,3,5
12020637,5,4
12020637,6,3
12020637,7,3
12020637,8,5
12020637,10,5
12020637,11,5
12020637,12,5
12020637,13,4
12020637,14,4
12020637,15,5
12020637,16,5
12020637,17,5
12020637,19,5
12020637,20,5
12020637,21,5
12020637,22,5
12020637,23,5
12020637,24,5
12020637,25,5
12020637,26,5
12020637,27,5
12020637,28,5
12020637,29,5
12020637,30,5
12020637,31,5
12020637,32,5
12020637,33,5
12020637,37,5
12020637,42,5
12020637,47,2
12020637,49,5
12020637,53,5
12020637,56,5
12020637,63,5
12020090,1,2
12020090,2,3
12020090,3,3
12020090,4,2
12020090,5,2
12020090,6,1
12020090,7,3
12020090,8,4
12020090,10,3
12020090,11,4
12020090,12,4
12020090,13,4
12020090,14,3
12020090,15,4
12020090,16,2
12020090,17,1
12020090,19,3
12020090,20,2
12020090,21,3
12020090,22,3
12020090,23,3
12020090,24,3
12020090,25,3
12020090,26,1
12020090,27,1
12020090,28,2
12020090,29,1
12020090,30,1
12020090,31,2
12020090,33,3
12020090,39,4
12020090,40,1
12020090,45,2
12020090,46,2
12020090,48,3
12020090,66,2
12020093,1,2
12020093,2,3
12020093,3,3
12020093,4,2
12020093,5,1
12020093,6,1
12020093,7,2
12020093,8,1
12020093,9,2
12020093,10,1
12020093,11,3
12020093,12,3
12020093,13,3
12020093,14,3
12020093,15,1
12020093,16,1
12020093,17,2
12020093,19,1
12020093,20,2
12020093,21,2
12020093,22,3
12020093,23,2
12020093,24,1
12020093,25,2
12020093,26,2
12020093,27,2
12020093,28,3
12020093,29,1
12020093,30,1
12020093,31,2
12020093,33,2
12020093,39,4
12020093,40,1
12020093,45,1
12020093,46,2
12020093,47,2
12020093,58,2
12020093,66,1
12020103,1,3
12020103,2,2
12020103,3,4
12020103,4,3
12020103,5,3
12020103,6,3
12020103,7,2
12020103,8,4
12020103,9,4
12020103,10,2
12020103,11,2
12020103,12,2
12020103,13,4
12020103,14,3
12020103,15,3
12020103,16,2
12020103,17,2
12020103,19,2
12020103,20,4
12020103,21,2
12020103,22,4
12020103,23,2
12020103,24,3
12020103,25,2
12020103,26,4
12020103,27,2
12020103,28,2
12020103,29,2
12020103,30,1
12020103,31,2
12020103,32,3
12020103,40,3
12020103,45,1
12020103,46,2
12020103,48,3
12020103,66,1
12020109,1,6.1
12020109,2,6.1
12020109,3,5.9
12020109,6,6.2
12020109,7,5.5
12020109,8,5.5
12020109,9,4.4
12020109,10,6
12020109,11,6.2
12020109,13,7.8
12020109,19,5.1
12020118,1,3
12020118,2,3
12020118,3,3
12020118,4,2
12020118,5,2
12020118,6,4
12020118,7,2
12020118,8,3
12020118,9,3
12020118,10,4
12020118,11,2
12020118,12,1
12020118,13,3
12020118,14,2
12020118,15,3
12020118,16,4
12020118,17,2
12020118,19,4
12020118,20,3
12020118,21,3
12020118,22,2
12020118,23,3
12020118,24,3
12020118,25,2
12020118,26,3
12020118,27,1
12020118,28,4
12020118,29,3
12020118,30,3
12020118,31,1
12020118,32,3
12020118,39,4
12020118,47,2
12020118,48,2
12020118,53,3
12020118,66,3
12020112,1,3
12020112,2,3
12020112,3,4
12020112,4,2
12020112,5,2
12020112,6,1
12020112,7,1
12020112,8,3
12020112,10,5
12020112,11,3
12020112,12,3
12020112,13,4
12020112,14,2
12020112,15,4
12020112,16,3
12020112,17,3
12020112,19,2
12020112,20,1
12020112,21,3
12020112,22,2
12020112,23,2
12020112,24,4
12020112,25,2
12020112,26,4
12020112,27,2
12020112,28,5
12020112,29,3
12020112,30,3
12020112,31,3
12020112,32,3
12020112,36,4
12020112,39,5
12020112,42,4
12020112,46,3
12020112,47,2
12020112,53,4
12020112,58,4
12020112,66,2
12020136,1,3
12020136,2,3
12020136,3,3
12020136,4,2
12020136,5,2
12020136,6,2
12020136,7,2
12020136,8,3
12020136,9,3
12020136,10,2
12020136,11,2
12020136,12,1
12020136,13,3
12020136,14,2
12020136,15,3
12020136,16,1
12020136,17,1
12020136,19,1
12020136,20,2
12020136,21,2
12020136,22,3
12020136,23,2
12020136,24,2
12020136,25,3
12020136,26,1
12020136,27,1
12020136,28,3
12020136,29,3
12020136,30,2
12020136,31,2
12020136,33,3
12020136,39,4
12020136,40,2
12020136,45,2
12020136,46,2
12020136,47,1
12020136,58,3
12020136,66,2
12020137,1,3
12020137,2,4
12020137,3,3
12020137,4,2
12020137,5,2
12020137,6,1
12020137,7,3
12020137,8,3
12020137,9,3
12020137,10,2
12020137,11,2
12020137,12,3
12020137,13,4
12020137,14,4
12020137,15,3
12020137,16,1
12020137,17,1
12020137,19,1
12020137,20,2
12020137,21,1
12020137,22,4
12020137,23,1
12020137,24,2
12020137,25,3
12020137,26,4
12020137,27,1
12020137,28,2
12020137,29,3
12020137,30,1
12020137,31,2
12020137,33,3
12020137,39,3
12020137,40,2
12020137,45,1
12020137,46,2
12020137,47,1
12020137,66,1
12020157,1,4
12020157,2,3
12020157,3,4
12020157,4,2
12020157,5,2
12020157,6,4
12020157,7,3
12020157,8,4
12020157,9,4
12020157,10,1
12020157,11,3
12020157,12,3
12020157,13,3
12020157,14,2
12020157,15,3
12020157,16,1
12020157,17,1
12020157,19,3
12020157,20,2
12020157,21,4
12020157,22,3
12020157,23,3
12020157,24,3
12020157,25,4
12020157,26,2
12020157,27,2
12020157,28,2
12020157,29,3
12020157,30,2
12020157,31,3
12020157,33,2
12020157,39,3
12020157,42,3
12020157,47,2
12020157,56,2
12020157,58,5
12020157,63,3
12020157,66,1
12020159,1,5.7
12020159,2,6.4
12020159,3,5.5
12020159,4,7.7
12020159,5,7.1
12020159,6,6.3
12020159,7,5.9
12020159,8,10
12020159,10,7.2
12020159,11,9.1
12020159,12,9.2
12020159,13,6.2
12020159,14,5.2
12020159,16,7.5
12020159,19,7.4
12020159,20,6.8
12020159,21,7.5
12020159,23,7.4
12020159,25,5.7
12020159,26,7.2
12020159,33,4
12020160,1,2
12020160,2,3
12020160,3,3
12020160,4,2
12020160,5,2
12020160,6,1
12020160,7,3
12020160,8,3
12020160,9,4
12020160,10,5
12020160,11,2
12020160,12,3
12020160,13,4
12020160,14,3
12020160,15,4
12020160,16,3
12020160,17,4
12020160,19,4
12020160,20,4
12020160,21,3
12020160,22,4
12020160,23,3
12020160,24,4
12020160,25,3
12020160,26,2
12020160,27,3
12020160,28,5
12020160,29,4
12020160,30,2
12020160,31,1
12020160,33,3
12020160,37,2
12020160,42,3
12020160,47,1
12020160,58,2
12020160,66,2
12020180,1,3
12020180,2,3
12020180,3,3
12020180,4,2
12020180,5,2
12020180,6,1
12020180,7,2
12020180,8,3
12020180,9,3
12020180,10,2
12020180,11,2
12020180,12,3
12020180,13,3
12020180,14,3
12020180,15,3
12020180,16,3
12020180,17,3
12020180,19,4
12020180,20,2
12020180,21,3
12020180,22,3
12020180,23,4
12020180,24,2
12020180,25,4
12020180,26,1
12020180,27,1
12020180,29,5
12020180,30,1
12020180,31,1
12020180,33,3
12020180,39,3
12020180,45,2
12020180,46,3
12020180,47,1
12020180,48,2
12020180,58,3
12020180,66,1
12020169,1,3
12020169,2,3
12020169,3,4
12020169,4,4
12020169,5,2
12020169,6,4
12020169,7,3
12020169,8,4
12020169,9,4
12020169,10,4
12020169,11,2
12020169,12,1
12020169,13,1
12020169,14,2
12020169,15,3
12020169,16,3
12020169,17,4
12020169,19,4
12020169,20,3
12020169,21,3
12020169,22,2
12020169,23,4
12020169,24,2
12020169,25,3
12020169,26,5
12020169,27,3
12020169,28,4
12020169,29,3
12020169,30,2
12020169,31,3
12020169,33,3
12020169,48,2
12020169,52,5
12020169,58,3
12020169,66,2
12020170,1,3
12020170,2,3
12020170,3,3
12020170,4,2
12020170,5,3
12020170,6,5
12020170,7,2
12020170,8,3
12020170,9,4
12020170,10,5
12020170,11,4
12020170,12,4
12020170,13,4
12020170,14,2
12020170,15,5
12020170,16,5
12020170,17,5
12020170,19,2
12020170,21,5
12020170,22,4
12020170,23,4
12020170,26,5
12020170,27,2
12020170,28,4
12020170,29,5
12020170,30,2
12020170,31,4
12020170,33,4
12020170,39,5
12020170,47,1
12020170,49,3
12020170,52,4
12020170,56,2
12020170,58,4
12020170,66,2
12020176,1,3
12020176,2,2
12020176,3,4
12020176,4,2
12020176,5,3
12020176,6,3
12020176,7,1
12020176,8,1
12020176,9,3
12020176,10,1
12020176,11,2
12020176,12,3
12020176,13,4
12020176,14,3
12020176,15,4
12020176,16,4
12020176,17,1
12020176,19,3
12020176,20,2
12020176,21,2
12020176,22,2
12020176,23,4
12020176,24,3
12020176,25,3
12020176,26,2
12020176,27,1
12020176,28,2
12020176,29,4
12020176,30,2
12020176,31,3
12020176,33,2
12020176,39,3
12020176,40,2
12020176,42,4
12020176,47,1
12020176,58,3
12020176,63,4
12020176,66,1
12020206,1,4
12020206,2,4
12020206,3,3
12020206,4,3
12020206,5,4
12020206,6,4
12020206,7,2
12020206,8,4
12020206,9,3
12020206,10,5
12020206,11,5
12020206,12,4
12020206,13,2
12020206,14,2
12020206,15,4
12020206,16,2
12020206,17,2
12020206,19,3
12020206,20,4
12020206,21,2
12020206,22,2
12020206,23,1
12020206,24,3
12020206,25,2
12020206,26,2
12020206,27,3
12020206,28,3
12020206,30,2
12020206,31,2
12020206,34,3
12020206,39,5
12020206,40,3
12020206,48,3
12020206,62,5
12020206,66,2
12020502,1,3
12020502,2,3
12020502,3,4
12020502,4,2
12020502,5,3
12020502,6,3
12020502,7,2
12020502,8,3
12020502,9,2
12020502,10,5
12020502,11,3
12020502,12,3
12020502,13,3
12020502,14,3
12020502,15,4
12020502,16,1
12020502,17,1
12020502,19,1
12020502,20,1
12020502,21,1
12020502,22,2
12020502,23,3
12020502,24,2
12020502,25,1
12020502,26,3
12020502,27,2
12020502,28,2
12020502,29,2
12020502,30,1
12020502,31,2
12020502,32,3
12020502,37,2
12020502,42,2
12020502,46,3
12020502,47,2
12020502,58,1
12020502,63,1
12020502,66,1
12020505,1,2
12020505,2,3
12020505,3,3
12020505,4,2
12020505,5,2
12020505,6,4
12020505,7,2
12020505,8,3
12020505,9,4
12020505,10,5
12020505,11,3
12020505,12,3
12020505,13,3
12020505,14,3
12020505,15,3
12020505,16,4
12020505,17,1
12020505,19,2
12020505,20,3
12020505,21,3
12020505,22,3
12020505,23,1
12020505,24,3
12020505,25,3
12020505,26,4
12020505,27,2
12020505,28,2
12020505,29,3
12020505,30,1
12020505,31,2
12020505,33,2
12020505,37,2
12020505,42,3
12020505,47,2
12020505,48,3
12020505,63,2
12020505,66,2
12020217,1,6.4
12020217,3,7.8
12020217,5,5.7
12020217,6,6.4
12020217,7,7.9
12020217,8,6.1
12020217,9,6.3
12020217,10,4.2
12020217,11,5.2
12020217,12,5.2
12020217,13,6.9
12020217,14,8.8
12020217,16,4
12020217,19,7.3
12020217,21,6.2
12020217,23,4.8
12020217,26,5.4
12020217,39,5.4
12020236,1,4.9
12020236,3,8.1
12020236,5,7.2
12020236,6,7.2
12020236,7,7.5
12020236,8,6.7
12020236,9,6.4
12020236,10,5.5
12020236,11,6.7
12020236,12,5.7
12020236,13,7
12020236,14,4.1
12020236,16,5.1
12020236,19,6.7
12020236,20,6.4
12020236,21,6.3
12020236,22,2
12020236,23,4.7
12020236,25,5.5
12020236,39,4.5
12020248,1,3
12020248,2,3
12020248,3,3
12020248,4,5
12020248,5,2
12020248,6,5
12020248,7,3
12020248,8,4
12020248,9,2
12020248,10,3
12020248,11,4
12020248,12,3
12020248,13,4
12020248,14,1
12020248,15,3
12020248,16,5
12020248,17,5
12020248,19,3
12020248,20,5
12020248,21,1
12020248,22,3
12020248,24,5
12020248,25,3
12020248,26,4
12020248,27,5
12020248,28,2
12020248,29,5
12020248,31,2
12020248,33,2
12020248,39,5
12020248,45,4
12020248,48,3
12020248,53,3
12020248,62,5
12020249,1,3
12020249,2,4
12020249,3,1
12020249,4,3
12020249,5,3
12020249,6,3
12020249,7,2
12020249,8,3
12020249,9,3
12020249,10,3
12020249,11,3
12020249,12,4
12020249,13,3
12020249,14,4
12020249,15,4
12020249,16,4
12020249,17,2
12020249,19,4
12020249,20,4
12020249,21,2
12020249,22,3
12020249,23,2
12020249,24,3
12020249,25,2
12020249,26,1
12020249,27,1
12020249,28,4
12020249,30,2
12020249,31,2
12020249,33,4
12020249,39,5
12020249,40,4
12020249,45,2
12020249,47,1
12020249,58,1
12020249,62,2
12020249,66,2
12020250,1,3
12020250,2,4
12020250,3,1
12020250,4,3
12020250,5,2
12020250,6,2
12020250,7,2
12020250,8,4
12020250,9,3
12020250,10,1
12020250,11,1
12020250,12,2
12020250,13,3
12020250,14,3
12020250,15,3
12020250,16,2
12020250,17,2
12020250,19,3
12020250,20,4
12020250,21,1
12020250,22,4
12020250,23,5
12020250,24,2
12020250,25,1
12020250,26,2
12020250,27,2
12020250,28,2
12020250,29,5
12020250,30,2
12020250,31,2
12020250,33,2
12020250,39,4
12020250,42,3
12020250,45,2
12020250,47,2
12020250,62,2
12020250,66,3
12020463,1,3
12020463,2,2
12020463,3,3
12020463,4,2
12020463,5,2
12020463,6,3
12020463,7,1
12020463,8,1
12020463,9,1
12020463,10,3
12020463,11,4
12020463,12,3
12020463,13,3
12020463,14,4
12020463,15,5
12020463,16,5
12020463,17,4
12020463,19,1
12020463,20,3
12020463,21,3
12020463,22,4
12020463,23,4
12020463,24,3
12020463,25,3
12020463,26,4
12020463,27,1
12020463,28,3
12020463,29,1
12020463,30,2
12020463,31,2
12020463,32,4
12020463,37,2
12020463,40,5
12020463,45,3
12020463,47,2
12020463,49,4
12020463,56,3
12020463,58,1
12020463,61,1
12020262,1,3
12020262,2,5
12020262,3,3
12020262,4,2
12020262,5,3
12020262,6,3
12020262,7,4
12020262,10,3
12020262,11,2
12020262,12,3
12020262,13,3
12020262,14,3
12020262,16,5
12020262,17,5
12020262,19,2
12020262,20,3
12020262,21,5
12020262,22,5
12020262,24,5
12020262,25,4
12020262,26,5
12020262,27,5
12020262,28,5
12020262,29,5
12020262,30,5
12020262,33,4
12020262,39,5
12020262,48,5
12020262,60,5
12020265,1,2
12020265,2,2
12020265,3,4
12020265,4,2
12020265,5,2
12020265,6,1
12020265,7,2
12020265,8,3
12020265,9,1
12020265,10,3
12020265,11,2
12020265,12,2
12020265,13,2
12020265,14,3
12020265,15,3
12020265,16,2
12020265,17,3
12020265,19,2
12020265,20,3
12020265,21,3
12020265,22,1
12020265,23,4
12020265,24,2
12020265,25,2
12020265,26,3
12020265,27,3
12020265,28,3
12020265,29,3
12020265,30,2
12020265,31,3
12020265,33,4
12020265,42,2
12020265,47,1
12020265,58,1
12020265,63,2
12020265,66,1
12020274,1,2
12020274,2,2
12020274,3,4
12020274,4,2
12020274,5,2
12020274,6,2
12020274,7,4
12020274,8,3
12020274,9,4
12020274,10,3
12020274,11,3
12020274,12,2
12020274,13,3
12020274,14,4
12020274,15,3
12020274,16,3
12020274,17,3
12020274,19,3
12020274,20,2
12020274,21,2
12020274,22,4
12020274,23,4
12020274,24,4
12020274,25,3
12020274,26,2
12020274,27,4
12020274,29,3
12020274,30,2
12020274,31,2
12020274,32,4
12020274,33,4
12020274,40,4
12020274,45,2
12020274,47,1
12020274,66,1
12020292,1,4.9
12020292,2,4.9
12020292,3,4.5
12020292,4,5.2
12020292,5,6.1
12020292,6,7
12020292,7,6.2
12020292,8,7.2
12020292,9,5.4
12020292,11,6.2
12020292,12,4.7
12020292,13,7.5
12020292,14,5.8
12020292,19,4.1
12020292,21,7.9
12020292,26,7.8
12020292,37,7.4
12020300,1,3
12020300,2,3
12020300,3,3
12020300,4,2
12020300,5,2
12020300,6,3
12020300,7,3
12020300,8,4
12020300,9,1
12020300,10,3
12020300,11,2
12020300,12,4
12020300,13,3
12020300,14,3
12020300,15,5
12020300,16,4
12020300,17,2
12020300,19,2
12020300,20,3
12020300,21,3
12020300,22,1
12020300,23,4
12020300,24,2
12020300,25,3
12020300,26,4
12020300,27,1
12020300,28,3
12020300,29,3
12020300,30,2
12020300,31,2
12020300,33,2
12020300,40,1
12020300,42,2
12020300,47,2
12020300,52,5
12020300,58,1
12020300,63,2
12020324,1,3
12020324,2,2
12020324,3,2
12020324,4,2
12020324,5,2
12020324,6,2
12020324,7,2
12020324,10,2
12020324,11,3
12020324,12,3
12020324,13,4
12020324,14,2
12020324,15,2
12020324,16,3
12020324,17,2
12020324,19,2
12020324,20,3
12020324,21,1
12020324,22,3
12020324,23,3
12020324,24,3
12020324,25,4
12020324,26,3
12020324,27,2
12020324,28,4
12020324,29,3
12020324,30,1
12020324,31,2
12020324,32,3
12020324,33,4
12020324,36,2
12020324,42,3
12020324,45,3
12020324,46,3
12020324,48,5
12020324,49,2
12020324,52,3
12020324,56,5
12020324,63,3
12020324,66,2
12020326,5,6.3
12020326,6,8
12020326,7,6
12020326,8,4.6
12020326,10,3.9
12020326,11,6.7
12020326,12,4.5
12020326,13,4.1
12020326,26,4
12020517,1,2
12020517,2,3
12020517,3,4
12020517,4,2
12020517,5,2
12020517,6,4
12020517,7,2
12020517,8,2
12020517,9,3
12020517,10,4
12020517,11,2
12020517,12,2
12020517,13,4
12020517,14,4
12020517,15,2
12020517,16,3
12020517,17,2
12020517,19,1
12020517,20,1
12020517,21,1
12020517,22,2
12020517,23,3
12020517,24,2
12020517,25,3
12020517,26,4
12020517,27,1
12020517,28,2
12020517,29,2
12020517,30,2
12020517,31,3
12020517,33,2
12020517,36,2
12020517,42,2
12020517,47,1
12020517,48,3
12020517,63,3
12020517,64,4
12020517,66,2
12020353,1,2
12020353,2,2
12020353,3,3
12020353,4,2
12020353,5,1
12020353,6,4
12020353,7,1
12020353,8,1
12020353,9,1
12020353,10,2
12020353,11,3
12020353,12,2
12020353,13,3
12020353,14,2
12020353,15,1
12020353,16,2
12020353,17,2
12020353,19,2
12020353,20,3
12020353,21,1
12020353,22,4
12020353,23,3
12020353,24,4
12020353,25,2
12020353,26,4
12020353,27,1
12020353,28,2
12020353,29,3
12020353,30,3
12020353,31,3
12020353,32,3
12020353,37,2
12020353,42,3
12020353,47,1
12020353,58,1
12020353,63,1
12020353,66,1
12020354,1,2
12020354,2,2
12020354,3,3
12020354,4,2
12020354,5,1
12020354,6,1
12020354,7,2
12020354,8,1
12020354,9,3
12020354,10,2
12020354,11,2
12020354,12,3
12020354,13,3
12020354,14,2
12020354,15,2
12020354,16,3
12020354,17,2
12020354,19,1
12020354,20,3
12020354,21,2
12020354,22,3
12020354,23,4
12020354,24,3
12020354,25,3
12020354,26,3
12020354,27,2
12020354,28,2
12020354,29,2
12020354,30,1
12020354,31,2
12020354,32,3
12020354,37,2
12020354,42,1
12020354,46,2
12020354,47,2
12020354,58,1
12020354,63,2
12020354,66,1
12020366,1,3
12020366,2,3
12020366,3,3
12020366,4,2
12020366,5,2
12020366,6,1
12020366,7,3
12020366,8,4
12020366,10,3
12020366,11,3
12020366,12,2
12020366,13,2
12020366,14,2
12020366,15,2
12020366,16,2
12020366,17,1
12020366,19,2
12020366,20,2
12020366,21,2
12020366,22,4
12020366,23,5
12020366,24,2
12020366,25,2
12020366,26,1
12020366,27,1
12020366,29,3
12020366,30,1
12020366,31,2
12020366,32,2
12020366,39,3
12020366,46,2
12020366,47,2
12020366,49,1
12020366,56,3
12020366,63,1
12020366,66,1
12020543,1,2
12020543,2,2
12020543,3,3
12020543,4,2
12020543,5,2
12020543,6,1
12020543,7,2
12020543,8,3
12020543,9,3
12020543,10,3
12020543,11,1
12020543,12,2
12020543,13,3
12020543,14,2
12020543,15,3
12020543,16,1
12020543,17,3
12020543,19,2
12020543,20,2
12020543,21,1
12020543,22,4
12020543,23,3
12020543,24,3
12020543,25,3
12020543,26,1
12020543,27,1
12020543,28,2
12020543,29,3
12020543,30,1
12020543,31,1
12020543,33,3
12020543,37,2
12020543,42,3
12020543,47,1
12020543,48,2
12020543,62,4
12020543,63,2
12020543,66,1
12020518,1,3
12020518,2,3
12020518,3,2
12020518,4,2
12020518,5,2
12020518,6,3
12020518,7,2
12020518,8,3
12020518,9,4
12020518,10,2
12020518,11,3
12020518,12,2
12020518,13,3
12020518,14,2
12020518,15,2
12020518,16,3
12020518,17,1
12020518,19,2
12020518,20,2
12020518,21,1
12020518,22,2
12020518,23,2
12020518,24,2
12020518,25,2
12020518,26,4
12020518,27,1
12020518,28,2
12020518,29,1
12020518,30,2
12020518,31,3
12020518,32,1
12020518,37,2
12020518,42,3
12020518,45,2
12020518,47,2
12020518,58,1
12020518,63,1
12020518,66,2
12020402,1,3
12020402,2,3
12020402,3,4
12020402,4,2
12020402,5,3
12020402,6,1
12020402,7,2
12020402,8,3
12020402,9,3
12020402,10,1
12020402,11,3
12020402,12,2
12020402,13,4
12020402,14,2
12020402,15,2
12020402,16,2
12020402,17,2
12020402,19,2
12020402,20,3
12020402,21,3
12020402,22,2
12020402,23,2
12020402,24,3
12020402,25,2
12020402,26,4
12020402,27,1
12020402,28,3
12020402,29,4
12020402,30,2
12020402,31,3
12020402,33,2
12020402,37,2
12020402,47,2
12020402,52,3
12020402,56,3
12020402,58,1
12020402,66,1
12020008,1,2
12020008,2,2
12020008,3,3
12020008,4,2
12020008,5,2
12020008,6,2
12020008,7,1
12020008,8,1
12020008,9,1
12020008,10,5
12020008,11,3
12020008,12,5
12020008,13,2
12020008,14,4
12020008,15,4
12020008,16,3
12020008,17,3
12020008,19,4
12020008,20,2
12020008,21,1
12020008,22,3
12020008,23,2
12020008,24,3
12020008,25,3
12020008,26,4
12020008,27,2
12020008,28,2
12020008,29,5
12020008,30,3
12020008,31,2
12020008,33,3
12020008,39,4
12020008,40,2
12020008,42,3
12020008,45,2
12020008,47,2
12020008,62,2
12020008,66,1
12020030,1,3
12020030,2,3
12020030,3,3
12020030,4,2
12020030,5,2
12020030,6,4
12020030,7,1
12020030,8,1
12020030,9,3
12020030,10,3
12020030,11,3
12020030,12,3
12020030,13,4
12020030,14,2
12020030,15,4
12020030,16,5
12020030,17,3
12020030,19,5
12020030,20,3
12020030,21,3
12020030,22,4
12020030,23,3
12020030,24,4
12020030,25,5
12020030,26,2
12020030,27,3
12020030,28,3
12020030,29,5
12020030,30,3
12020030,31,4
12020030,32,4
12020030,37,2
12020030,40,3
12020030,42,4
12020030,47,1
12020030,48,3
12020030,49,2
12020030,58,4
12020030,66,1
12020055,1,3
12020055,2,3
12020055,3,4
12020055,5,2
12020055,6,1
12020055,7,3
12020055,8,3
12020055,9,3
12020055,10,3
12020055,11,2
12020055,12,3
12020055,13,3
12020055,14,1
12020055,15,2
12020055,16,2
12020055,17,1
12020055,19,3
12020055,20,3
12020055,21,2
12020055,22,3
12020055,23,1
12020055,24,2
12020055,25,3
12020055,26,1
12020055,27,2
12020055,28,2
12020055,29,5
12020055,30,3
12020055,31,2
12020055,32,4
12020055,37,2
12020055,42,2
12020055,47,1
12020055,49,2
12020055,56,2
12020055,62,2
12020055,66,1
12020069,1,3
12020069,2,2
12020069,3,3
12020069,4,2
12020069,5,2
12020069,6,2
12020069,7,2
12020069,8,3
12020069,9,3
12020069,10,1
12020069,11,2
12020069,12,1
12020069,13,4
12020069,14,3
12020069,15,3
12020069,16,2
12020069,17,2
12020069,19,1
12020069,20,2
12020069,21,2
12020069,22,4
12020069,23,4
12020069,24,2
12020069,25,2
12020069,26,1
12020069,27,2
12020069,28,3
12020069,29,3
12020069,30,2
12020069,31,4
12020069,32,3
12020069,36,4
12020069,42,3
12020069,46,3
12020069,47,1
12020069,58,1
12020069,62,2
12020069,66,2
12020073,1,3
12020073,2,4
12020073,3,3
12020073,4,2
12020073,5,2
12020073,6,3
12020073,7,2
12020073,8,4
12020073,9,4
12020073,10,3
12020073,11,3
12020073,12,4
12020073,13,2
12020073,14,3
12020073,15,3
12020073,16,1
12020073,17,2
12020073,19,2
12020073,20,3
12020073,21,3
12020073,22,3
12020073,23,4
12020073,24,2
12020073,25,1
12020073,26,2
12020073,27,2
12020073,28,1
12020073,29,3
12020073,30,2
12020073,31,4
12020073,32,5
12020073,36,4
12020073,42,1
12020073,47,1
12020073,48,2
12020073,58,2
12020073,62,1
12020073,66,2
12020078,1,3
12020078,2,4
12020078,3,5
12020078,5,3
12020078,6,4
12020078,7,2
12020078,8,5
12020078,10,5
12020078,11,1
12020078,12,4
12020078,13,5
12020078,14,4
12020078,15,5
12020078,16,4
12020078,17,3
12020078,19,3
12020078,20,4
12020078,21,2
12020078,22,4
12020078,23,4
12020078,24,5
12020078,25,2
12020078,26,3
12020078,27,5
12020078,28,5
12020078,29,5
12020078,30,2
12020078,31,5
12020078,33,3
12020078,36,5
12020078,39,5
12020078,42,5
12020078,58,5
12020078,66,1
12020095,1,4
12020095,2,2
12020095,3,4
12020095,4,2
12020095,5,2
12020095,6,2
12020095,7,4
12020095,10,4
12020095,11,2
12020095,12,5
12020095,13,3
12020095,14,3
12020095,15,4
12020095,16,3
12020095,17,5
12020095,19,3
12020095,20,3
12020095,21,4
12020095,22,2
12020095,23,3
12020095,24,2
12020095,25,2
12020095,26,4
12020095,27,2
12020095,28,2
12020095,29,1
12020095,30,2
12020095,31,1
12020095,32,5
12020095,37,2
12020095,39,4
12020095,40,3
12020095,45,2
12020095,46,3
12020095,48,4
12020095,58,3
12020095,66,1
12020105,1,3
12020105,2,3
12020105,3,3
12020105,4,2
12020105,5,2
12020105,6,2
12020105,7,2
12020105,8,3
12020105,9,3
12020105,10,3
12020105,11,3
12020105,12,2
12020105,13,2
12020105,14,3
12020105,15,4
12020105,16,1
12020105,17,1
12020105,19,4
12020105,20,3
12020105,21,2
12020105,22,3
12020105,23,3
12020105,24,3
12020105,25,5
12020105,26,1
12020105,27,2
12020105,29,5
12020105,30,5
12020105,31,2
12020105,33,1
12020105,39,5
12020105,40,2
12020105,46,2
12020105,47,1
12020105,49,1
12020105,63,5
12020105,66,5
12020121,1,3
12020121,2,3
12020121,3,3
12020121,4,2
12020121,5,1
12020121,6,1
12020121,7,2
12020121,8,3
12020121,9,4
12020121,10,3
12020121,11,2
12020121,12,2
12020121,13,3
12020121,14,2
12020121,15,2
12020121,16,2
12020121,17,3
12020121,19,1
12020121,20,2
12020121,21,1
12020121,22,1
12020121,23,2
12020121,24,2
12020121,25,2
12020121,26,3
12020121,27,1
12020121,28,1
12020121,29,3
12020121,30,1
12020121,31,2
12020121,33,1
12020121,40,2
12020121,47,1
12020121,48,1
12020121,58,1
12020121,63,1
12020121,66,1
12020124,1,2
12020124,2,3
12020124,3,3
12020124,4,2
12020124,5,1
12020124,6,1
12020124,7,2
12020124,10,4
12020124,11,2
12020124,12,1
12020124,13,3
12020124,14,3
12020124,15,4
12020124,16,1
12020124,17,2
12020124,19,1
12020124,20,1
12020124,21,1
12020124,22,2
12020124,23,1
12020124,24,1
12020124,25,3
12020124,26,2
12020124,27,3
12020124,28,2
12020124,29,4
12020124,30,2
12020124,31,2
12020124,32,5
12020124,34,1
12020124,39,5
12020124,42,3
12020124,46,3
12020124,47,1
12020124,48,1
12020124,58,4
12020124,66,2
12020138,1,3
12020138,2,3
12020138,3,4
12020138,4,2
12020138,5,1
12020138,6,2
12020138,7,2
12020138,8,3
12020138,9,3
12020138,10,1
12020138,11,2
12020138,12,2
12020138,13,3
12020138,14,1
12020138,15,3
12020138,16,1
12020138,17,1
12020138,19,2
12020138,20,1
12020138,21,1
12020138,22,3
12020138,23,2
12020138,24,2
12020138,25,1
12020138,26,2
12020138,27,2
12020138,28,4
12020138,29,3
12020138,30,3
12020138,31,3
12020138,33,4
12020138,39,3
12020138,42,1
12020138,46,3
12020138,53,2
12020138,58,2
12020138,62,2
12020138,66,1
12020140,1,3
12020140,2,4
12020140,3,3
12020140,4,2
12020140,5,3
12020140,6,2
12020140,7,3
12020140,8,4
12020140,9,4
12020140,10,5
12020140,11,3
12020140,12,5
12020140,13,3
12020140,14,3
12020140,15,4
12020140,16,5
12020140,17,3
12020140,19,3
12020140,20,4
12020140,21,3
12020140,22,4
12020140,23,4
12020140,24,3
12020140,25,3
12020140,26,5
12020140,27,2
12020140,28,4
12020140,29,3
12020140,30,1
12020140,31,2
12020140,33,3
12020140,39,4
12020140,40,4
12020140,45,2
12020140,46,3
12020140,47,1
12020140,58,2
12020140,66,1
12020149,1,3
12020149,2,3
12020149,3,2
12020149,4,2
12020149,5,2
12020149,6,1
12020149,7,2
12020149,8,3
12020149,9,3
12020149,10,3
12020149,11,2
12020149,12,2
12020149,13,2
12020149,14,1
12020149,15,3
12020149,16,2
12020149,17,1
12020149,19,1
12020149,20,3
12020149,21,2
12020149,22,2
12020149,23,2
12020149,24,1
12020149,25,2
12020149,26,4
12020149,27,1
12020149,28,3
12020149,29,1
12020149,30,3
12020149,31,2
12020149,36,4
12020149,37,1
12020149,40,1
12020149,45,2
12020149,46,3
12020149,49,1
12020149,66,1
12020151,1,3
12020151,2,3
12020151,3,4
12020151,4,2
12020151,5,3
12020151,6,5
12020151,7,3
12020151,8,5
12020151,10,4
12020151,11,3
12020151,12,4
12020151,13,4
12020151,14,4
12020151,16,5
12020151,17,4
12020151,18,5
12020151,19,5
12020151,21,5
12020151,24,5
12020151,25,5
12020151,26,5
12020151,33,4
12020151,49,5
12020459,1,2
12020459,2,2
12020459,3,3
12020459,4,2
12020459,5,2
12020459,6,3
12020459,7,1
12020459,8,1
12020459,9,3
12020459,10,5
12020459,11,4
12020459,12,3
12020459,13,4
12020459,14,2
12020459,15,3
12020459,16,2
12020459,17,1
12020459,19,1
12020459,20,3
12020459,21,1
12020459,22,2
12020459,23,1
12020459,24,4
12020459,25,2
12020459,26,4
12020459,27,1
12020459,28,2
12020459,29,1
12020459,30,1
12020459,31,3
12020459,33,1
12020459,37,2
12020459,45,1
12020459,47,2
12020459,48,1
12020459,58,1
12020459,63,2
12020459,66,1
12020187,1,4
12020187,2,3
12020187,3,3
12020187,4,2
12020187,5,2
12020187,6,2
12020187,7,3
12020187,8,3
12020187,9,4
12020187,10,3
12020187,11,2
12020187,12,3
12020187,13,3
12020187,14,3
12020187,15,4
12020187,16,3
12020187,17,2
12020187,19,3
12020187,20,2
12020187,21,3
12020187,22,2
12020187,23,3
12020187,24,2
12020187,25,4
12020187,26,3
12020187,27,2
12020187,28,3
12020187,29,3
12020187,30,2
12020187,31,2
12020187,33,2
12020187,39,4
12020187,42,3
12020187,47,1
12020187,48,2
12020187,52,3
12020187,63,3
12020187,66,1
12020191,1,3
12020191,2,3
12020191,3,3
12020191,4,4
12020191,5,3
12020191,6,2
12020191,7,3
12020191,8,3
12020191,9,4
12020191,10,3
12020191,11,3
12020191,12,4
12020191,13,2
12020191,14,2
12020191,15,4
12020191,16,4
12020191,17,4
12020191,19,4
12020191,20,1
12020191,21,4
12020191,22,4
12020191,23,4
12020191,24,2
12020191,25,3
12020191,26,1
12020191,27,2
12020191,28,4
12020191,29,5
12020191,30,2
12020191,31,2
12020191,32,3
12020191,45,2
12020191,47,2
12020191,48,2
12020191,58,5
12020191,63,3
12020191,66,1
12020192,1,3
12020192,2,4
12020192,3,3
12020192,4,2
12020192,5,2
12020192,6,2
12020192,7,2
12020192,8,3
12020192,9,3
12020192,10,2
12020192,11,2
12020192,12,1
12020192,13,3
12020192,14,2
12020192,15,2
12020192,16,1
12020192,17,2
12020192,19,1
12020192,20,2
12020192,21,1
12020192,22,2
12020192,23,3
12020192,24,3
12020192,25,2
12020192,26,3
12020192,27,3
12020192,28,3
12020192,29,1
12020192,30,2
12020192,31,1
12020192,33,2
12020192,39,3
12020192,40,3
12020192,42,3
12020192,45,4
12020192,58,3
12020192,63,3
12020192,66,2
12020639,1,3
12020639,2,3
12020639,3,2
12020639,5,2
12020639,6,4
12020639,7,2
12020639,8,4
12020639,10,3
12020639,11,2
12020639,12,3
12020639,13,3
12020639,14,4
12020639,15,4
12020639,16,5
12020639,17,2
12020639,19,4
12020639,20,4
12020639,21,4
12020639,22,4
12020639,23,5
12020639,24,3
12020639,25,3
12020639,26,2
12020639,27,3
12020639,28,3
12020639,30,2
12020639,31,2
12020639,33,1
12020639,39,5
12020639,42,5
12020639,45,3
12020639,47,1
12020639,52,4
12020639,66,5
12020202,1,2
12020202,2,4
12020202,3,2
12020202,4,2
12020202,5,4
12020202,6,4
12020202,7,3
12020202,8,4
12020202,9,4
12020202,10,5
12020202,11,3
12020202,12,3
12020202,13,3
12020202,14,2
12020202,15,4
12020202,16,3
12020202,17,4
12020202,19,3
12020202,20,4
12020202,21,3
12020202,22,3
12020202,23,4
12020202,24,4
12020202,25,3
12020202,26,4
12020202,27,3
12020202,28,4
12020202,29,5
12020202,31,2
12020202,33,3
12020202,37,1
12020202,46,3
12020202,49,1
12020202,53,4
12020202,56,2
12020202,62,5
12020205,1,3
12020205,2,4
12020205,3,2
12020205,4,2
12020205,5,4
12020205,6,3
12020205,7,3
12020205,8,4
12020205,9,3
12020205,10,5
12020205,11,3
12020205,12,4
12020205,13,3
12020205,14,4
12020205,15,5
12020205,16,4
12020205,17,2
12020205,19,3
12020205,20,4
12020205,21,3
12020205,22,4
12020205,23,4
12020205,24,3
12020205,25,3
12020205,26,5
12020205,27,3
12020205,28,3
12020205,29,3
12020205,30,3
12020205,31,1
12020205,33,4
12020205,39,5
12020205,42,5
12020205,45,2
12020205,47,1
12020205,48,3
12020205,62,4
12020205,66,5
12020219,1,2
12020219,2,3
12020219,3,2
12020219,4,3
12020219,5,3
12020219,6,2
12020219,7,3
12020219,8,3
12020219,9,1
12020219,10,5
12020219,11,1
12020219,12,4
12020219,13,4
12020219,14,3
12020219,15,4
12020219,16,2
12020219,17,4
12020219,18,4
12020219,19,1
12020219,20,3
12020219,21,3
12020219,22,3
12020219,23,1
12020219,24,3
12020219,25,3
12020219,26,4
12020219,27,3
12020219,28,4
12020219,29,2
12020219,30,2
12020219,31,1
12020219,33,3
12020219,37,2
12020219,40,1
12020219,45,1
12020219,46,2
12020219,62,3
12020219,63,3
12020219,64,3
12020219,66,1
12020227,1,4
12020227,2,3
12020227,3,4
12020227,4,4
12020227,5,2
12020227,6,1
12020227,7,4
12020227,8,3
12020227,9,4
12020227,10,2
12020227,11,2
12020227,12,2
12020227,13,2
12020227,14,4
12020227,15,1
12020227,16,2
12020227,17,3
12020227,19,1
12020227,20,1
12020227,21,1
12020227,22,1
12020227,23,4
12020227,24,3
12020227,25,1
12020227,26,1
12020227,27,3
12020227,28,2
12020227,29,3
12020227,30,3
12020227,31,2
12020227,33,2
12020227,36,3
12020227,47,2
12020227,49,1
12020227,53,1
12020227,66,2
12020228,1,3
12020228,2,5
12020228,3,5
12020228,5,4
12020228,6,5
12020228,7,3
12020228,8,4
12020228,9,4
12020228,10,4
12020228,11,2
12020228,12,3
12020228,13,3
12020228,14,4
12020228,15,5
12020228,16,5
12020228,17,5
12020228,19,4
12020228,21,4
12020228,22,5
12020228,23,5
12020228,26,5
12020228,29,5
12020228,31,4
12020228,33,3
12020228,37,2
12020228,40,4
12020228,48,3
12020228,49,3
12020228,56,5
12020228,66,2
12020235,1,3
12020235,2,3
12020235,3,3
12020235,4,2
12020235,5,3
12020235,6,3
12020235,7,3
12020235,8,3
12020235,9,4
12020235,10,3
12020235,11,3
12020235,12,2
12020235,13,3
12020235,14,4
12020235,15,3
12020235,16,3
12020235,17,3
12020235,19,2
12020235,20,2
12020235,21,2
12020235,22,3
12020235,23,3
12020235,24,2
12020235,25,2
12020235,26,4
12020235,27,2
12020235,28,3
12020235,29,1
12020235,30,2
12020235,31,2
12020235,32,2
12020235,39,3
12020235,45,3
12020235,46,2
12020235,47,1
12020235,48,2
12020235,62,3
12020235,66,1
12020535,1,3
12020535,2,3
12020535,3,3
12020535,4,2
12020535,5,2
12020535,6,1
12020535,7,2
12020535,8,4
12020535,9,1
12020535,10,4
12020535,11,3
12020535,12,2
12020535,13,3
12020535,14,2
12020535,15,4
12020535,16,3
12020535,17,2
12020535,19,2
12020535,20,2
12020535,21,4
12020535,22,4
12020535,23,4
12020535,24,3
12020535,25,1
12020535,26,2
12020535,27,1
12020535,28,2
12020535,29,2
12020535,30,1
12020535,31,2
12020535,33,4
12020535,39,4
12020535,40,4
12020535,46,2
12020535,47,2
12020535,48,2
12020535,52,4
12020535,66,1
12020240,1,3
12020240,2,2
12020240,3,3
12020240,4,3
12020240,5,4
12020240,6,4
12020240,7,3
12020240,8,4
12020240,9,4
12020240,10,2
12020240,11,1
12020240,12,3
12020240,13,3
12020240,14,3
12020240,15,4
12020240,16,4
12020240,17,2
12020240,19,1
12020240,20,4
12020240,21,4
12020240,22,2
12020240,23,4
12020240,24,3
12020240,25,4
12020240,26,4
12020240,27,2
12020240,28,3
12020240,29,3
12020240,30,2
12020240,31,2
12020240,33,2
12020240,39,4
12020240,46,3
12020240,48,2
12020240,49,1
12020240,56,2
12020240,63,3
12020240,66,5
12020251,1,3
12020251,2,4
12020251,3,1
12020251,4,2
12020251,5,2
12020251,6,3
12020251,7,3
12020251,8,2
12020251,9,3
12020251,10,4
12020251,11,3
12020251,12,3
12020251,13,3
12020251,14,3
12020251,15,3
12020251,16,4
12020251,17,1
12020251,19,1
12020251,20,3
12020251,21,3
12020251,22,2
12020251,23,4
12020251,24,3
12020251,25,2
12020251,26,3
12020251,27,1
12020251,28,2
12020251,29,3
12020251,30,2
12020251,31,1
12020251,33,2
12020251,39,4
12020251,42,3
12020251,45,2
12020251,47,1
12020251,58,3
12020251,62,2
12020251,66,1
12020254,1,3
12020254,2,3
12020254,3,2
12020254,5,3
12020254,6,2
12020254,7,3
12020254,8,3
12020254,9,3
12020254,10,4
12020254,11,2
12020254,12,4
12020254,13,3
12020254,14,2
12020254,15,4
12020254,16,5
12020254,17,3
12020254,19,5
12020254,20,4
12020254,21,2
12020254,22,3
12020254,23,5
12020254,24,5
12020254,26,4
12020254,27,5
12020254,30,5
12020254,31,5
12020254,32,2
12020266,1,2
12020266,2,2
12020266,3,2
12020266,4,2
12020266,5,3
12020266,6,3
12020266,7,2
12020266,8,3
12020266,9,4
12020266,10,2
12020266,11,3
12020266,12,1
12020266,13,2
12020266,14,2
12020266,15,2
12020266,16,2
12020266,17,1
12020266,19,2
12020266,20,2
12020266,21,1
12020266,22,2
12020266,23,1
12020266,24,2
12020266,25,2
12020266,26,3
12020266,27,2
12020266,28,2
12020266,29,3
12020266,30,1
12020266,31,2
12020266,33,2
12020266,39,2
12020266,40,2
12020266,42,2
12020266,47,1
12020266,58,3
12020266,63,2
12020266,66,2
12020267,1,2
12020267,2,2
12020267,3,3
12020267,4,2
12020267,5,3
12020267,6,2
12020267,7,3
12020267,8,4
12020267,9,1
12020267,10,2
12020267,11,3
12020267,12,3
12020267,13,2
12020267,14,2
12020267,15,1
12020267,16,1
12020267,17,1
12020267,19,2
12020267,20,3
12020267,21,1
12020267,22,3
12020267,23,2
12020267,24,3
12020267,25,1
12020267,26,3
12020267,27,1
12020267,28,2
12020267,29,2
12020267,30,2
12020267,31,2
12020267,33,3
12020267,39,2
12020267,40,1
12020267,42,2
12020267,45,1
12020267,47,2
12020267,58,2
12020267,66,2
12020275,1,4
12020275,2,2
12020275,3,2
12020275,4,2
12020275,5,3
12020275,6,3
12020275,7,3
12020275,8,3
12020275,9,1
12020275,10,4
12020275,11,2
12020275,12,2
12020275,13,3
12020275,14,3
12020275,15,4
12020275,16,2
12020275,17,2
12020275,19,1
12020275,20,4
12020275,21,2
12020275,22,3
12020275,23,3
12020275,24,4
12020275,25,3
12020275,26,3
12020275,27,2
12020275,28,3
12020275,29,3
12020275,30,3
12020275,31,2
12020275,33,4
12020275,37,2
12020275,45,3
12020275,46,2
12020275,58,3
12020275,63,3
12020275,66,1
12020289,1,8.2
12020289,2,6.4
12020289,3,4.5
12020289,4,6.5
12020289,5,7.7
12020289,6,9.9
12020289,7,7.7
12020289,8,5.4
12020289,10,5.8
12020289,11,5.1
12020289,12,5.1
12020289,13,7.1
12020289,14,5.8
12020289,16,5.5
12020289,19,4.2
12020289,20,9.2
12020289,21,7
12020289,22,5
12020289,23,7
12020289,25,7.5
12020289,26,5.5
12020289,27,0
12020289,28,0
12020289,29,0
12020289,30,0
12020289,32,0
12020289,39,3.6
12020289,42,0
12020291,1,3
12020291,2,3
12020291,3,3
12020291,4,3
12020291,5,3
12020291,6,4
12020291,7,3
12020291,8,2
12020291,9,3
12020291,10,4
12020291,11,4
12020291,12,4
12020291,13,4
12020291,14,2
12020291,15,4
12020291,16,3
12020291,17,4
12020291,19,3
12020291,20,2
12020291,21,4
12020291,22,3
12020291,23,1
12020291,24,4
12020291,25,2
12020291,26,2
12020291,27,3
12020291,28,3
12020291,29,5
12020291,30,2
12020291,31,3
12020291,32,2
12020291,42,3
12020291,45,2
12020291,47,1
12020291,48,2
12020291,58,2
12020291,66,3
12020294,1,2
12020294,2,2
12020294,3,3
12020294,4,2
12020294,5,2
12020294,6,1
12020294,7,2
12020294,8,2
12020294,9,2
12020294,10,5
12020294,11,2
12020294,12,1
12020294,13,2
12020294,14,4
12020294,15,5
12020294,16,3
12020294,17,3
12020294,19,1
12020294,20,4
12020294,21,4
12020294,22,3
12020294,23,4
12020294,24,2
12020294,25,5
12020294,26,3
12020294,28,3
12020294,29,5
12020294,31,5
12020294,33,3
12020294,39,4
12020294,40,2
12020294,45,1
12020294,47,1
12020294,58,1
12020315,1,3
12020315,2,4
12020315,3,3
12020315,4,2
12020315,5,3
12020315,6,2
12020315,7,4
12020315,10,4
12020315,11,2
12020315,12,3
12020315,13,3
12020315,14,4
12020315,15,4
12020315,16,5
12020315,17,4
12020315,19,5
12020315,20,5
12020315,21,3
12020315,22,5
12020315,23,5
12020315,24,5
12020315,25,4
12020315,26,5
12020315,27,5
12020315,29,5
12020315,30,5
12020315,31,5
12020315,32,5
12020315,33,3
12020315,39,5
12020315,63,5
12020322,1,5
12020322,2,4
12020322,3,4
12020322,4,3
12020322,5,5
12020322,6,2
12020322,7,3
12020322,8,3
12020322,9,3
12020322,10,4
12020322,11,3
12020322,13,4
12020322,14,2
12020322,15,3
12020322,16,5
12020322,17,1
12020322,19,4
12020322,20,3
12020322,21,1
12020322,22,3
12020322,23,2
12020322,24,3
12020322,25,3
12020322,26,4
12020322,27,2
12020322,28,5
12020322,29,3
12020322,30,3
12020322,31,1
12020322,32,2
12020322,39,4
12020322,46,3
12020322,49,2
12020322,52,1
12020322,56,1
12020322,66,1
12020329,1,2
12020329,2,3
12020329,3,5
12020329,5,3
12020329,6,5
12020329,7,3
12020329,8,5
12020329,10,2
12020329,11,2
12020329,12,4
12020329,13,4
12020329,14,5
12020329,16,5
12020329,17,5
12020329,19,5
12020329,20,5
12020329,21,3
12020329,22,5
12020329,23,5
12020329,24,5
12020329,25,5
12020329,26,5
12020329,32,5
12020516,1,5.9
12020516,2,6.6
12020516,3,7.7
12020516,4,7.8
12020516,5,7.7
12020516,6,6.2
12020516,7,8.4
12020516,8,6.3
12020516,11,7.3
12020516,12,6.5
12020516,13,5.4
12020516,14,6.6
12020516,16,7.2
12020516,19,7.2
12020516,20,8
12020516,21,9.3
12020516,23,6
12020516,26,8.4
12020516,37,8.5
12020341,1,2
12020341,2,3
12020341,3,3
12020341,4,2
12020341,5,3
12020341,6,3
12020341,7,4
12020341,10,4
12020341,11,3
12020341,12,4
12020341,13,3
12020341,14,4
12020341,15,5
12020341,16,3
12020341,17,3
12020341,19,4
12020341,20,5
12020341,21,4
12020341,23,3
12020341,24,4
12020341,25,4
12020341,26,3
12020341,30,5
12020341,33,3
12020341,39,5
12020341,40,5
12020341,47,2
12020341,49,5
12020341,58,5
12020341,63,5
12020351,1,3
12020351,2,3
12020351,3,4
12020351,4,5
12020351,6,1
12020351,7,3
12020351,8,2
12020351,9,3
12020351,10,4
12020351,11,3
12020351,12,4
12020351,13,3
12020351,14,4
12020351,15,3
12020351,16,2
12020351,17,3
12020351,20,5
12020351,21,3
12020351,24,5
12020351,26,4
12020351,48,5
12020351,49,5
12020363,1,3
12020363,2,3
12020363,3,4
12020363,4,4
12020363,5,5
12020363,6,2
12020363,7,4
12020363,8,4
12020363,9,3
12020363,10,3
12020363,11,4
12020363,12,3
12020363,13,4
12020363,14,3
12020363,15,5
12020363,16,3
12020363,17,4
12020363,19,5
12020363,20,3
12020363,21,4
12020363,22,4
12020363,23,4
12020363,24,5
12020363,25,4
12020363,26,3
12020363,27,4
12020363,29,3
12020363,30,5
12020363,31,3
12020363,39,4
12020363,45,4
12020363,49,2
12020363,52,3
12020363,58,3
12020363,62,5
12020373,1,2
12020373,2,2
12020373,3,2
12020373,4,2
12020373,5,2
12020373,6,2
12020373,7,3
12020373,8,3
12020373,9,1
12020373,10,3
12020373,11,2
12020373,12,2
12020373,13,3
12020373,14,3
12020373,15,2
12020373,16,2
12020373,17,3
12020373,19,3
12020373,20,2
12020373,21,3
12020373,22,2
12020373,23,3
12020373,24,3
12020373,25,3
12020373,26,4
12020373,27,1
12020373,28,2
12020373,29,3
12020373,30,2
12020373,31,2
12020373,32,2
12020373,37,2
12020373,45,1
12020373,47,1
12020373,52,3
12020373,58,1
12020373,63,2
12020373,66,1
12020378,1,2
12020378,2,3
12020378,3,2
12020378,4,2
12020378,5,2
12020378,6,1
12020378,7,2
12020378,8,4
12020378,9,4
12020378,10,3
12020378,11,3
12020378,12,4
12020378,13,4
12020378,14,3
12020378,15,3
12020378,16,4
12020378,17,3
12020378,19,2
12020378,20,3
12020378,21,2
12020378,22,4
12020378,23,3
12020378,24,4
12020378,25,4
12020378,26,1
12020378,27,1
12020378,28,2
12020378,29,2
12020378,30,2
12020378,31,2
12020378,32,5
12020378,33,3
12020378,45,2
12020378,47,1
12020378,58,1
12020378,62,2
12020378,63,4
12020378,66,1
12020380,1,3
12020380,2,4
12020380,3,4
12020380,5,3
12020380,6,2
12020380,7,2
12020380,8,4
12020380,9,3
12020380,10,5
12020380,11,3
12020380,12,3
12020380,13,2
12020380,14,2
12020380,15,2
12020380,16,3
12020380,17,1
12020380,19,2
12020380,20,2
12020380,21,2
12020380,22,4
12020380,23,3
12020380,24,3
12020380,25,3
12020380,26,4
12020380,27,4
12020380,28,3
12020380,29,4
12020380,30,3
12020380,31,1
12020380,32,3
12020380,39,3
12020380,46,3
12020380,47,1
12020380,48,2
12020380,49,1
12020380,62,5
12020380,63,5
12020380,66,5
12020382,1,2
12020382,2,2
12020382,3,3
12020382,4,2
12020382,5,1
12020382,6,2
12020382,7,1
12020382,8,1
12020382,9,1
12020382,10,3
12020382,11,3
12020382,12,4
12020382,13,2
12020382,14,2
12020382,15,3
12020382,16,1
12020382,17,5
12020382,19,1
12020382,20,2
12020382,21,2
12020382,22,2
12020382,23,1
12020382,24,3
12020382,25,5
12020382,26,5
12020382,27,2
12020382,28,2
12020382,29,3
12020382,30,5
12020382,31,1
12020382,32,2
12020382,37,2
12020382,45,2
12020382,58,1
12020382,60,5
12020382,62,4
12020382,63,4
12020387,1,6.9
12020387,2,7
12020387,5,8.9
12020387,7,8
12020387,8,10
12020387,10,6.5
12020387,11,7.6
12020387,12,8.8
12020387,13,5.4
12020400,1,3
12020400,2,4
12020400,3,2
12020400,4,5
12020400,5,5
12020400,6,5
12020400,7,3
12020400,8,4
12020400,9,4
12020400,10,5
12020400,11,2
12020400,12,3
12020400,13,4
12020400,14,4
12020400,15,4
12020400,16,3
12020400,17,2
12020400,19,3
12020400,20,3
12020400,21,1
12020400,22,3
12020400,23,3
12020400,24,4
12020400,25,3
12020400,26,4
12020400,27,2
12020400,28,5
12020400,29,5
12020400,30,5
12020400,31,2
12020400,33,3
12020400,39,5
12020400,45,5
12020400,46,4
12020400,63,2
12020478,1,2
12020478,2,2
12020478,3,2
12020478,4,3
12020478,6,5
12020478,7,2
12020478,8,1
12020478,9,2
12020478,10,4
12020478,11,2
12020478,12,2
12020478,13,2
12020478,14,3
12020478,15,5
12020478,17,5
12020478,19,4
12020478,21,5
12020478,23,5
12020478,24,4
12020478,26,5
12020478,33,5
12020478,36,5
12020478,39,5
12020478,63,5
12020426,1,3
12020426,2,3
12020426,3,2
12020426,4,3
12020426,5,4
12020426,6,4
12020426,7,3
12020426,8,4
12020426,9,4
12020426,10,1
12020426,11,3
12020426,12,4
12020426,13,4
12020426,14,2
12020426,15,3
12020426,16,1
12020426,17,3
12020426,19,2
12020426,20,3
12020426,21,3
12020426,22,2
12020426,23,2
12020426,24,3
12020426,25,2
12020426,26,4
12020426,28,2
12020426,29,1
12020426,30,2
12020426,31,2
12020426,32,3
12020426,40,2
12020426,45,1
12020426,46,2
12020426,47,2
12020426,62,5
12020426,66,1
12020003,1,5
12020003,2,5
12020003,3,5
12020003,5,2
12020003,6,4
12020003,7,1
12020003,8,1
12020003,9,1
12020003,10,5
12020003,11,5
12020003,12,5
12020003,13,2
12020003,14,5
12020003,15,5
12020003,16,4
12020003,17,5
12020003,19,3
12020003,20,2
12020003,21,1
12020003,22,3
12020003,23,5
12020003,24,4
12020003,25,1
12020003,26,5
12020003,28,3
12020003,30,3
12020003,31,5
12020003,32,1
12020003,36,5
12020003,49,5
12020003,52,5
12020003,58,5
12020003,63,3
12020524,1,7.5
12020524,2,6
12020524,3,6
12020524,4,8.1
12020524,5,7.6
12020524,6,8.7
12020524,7,7.1
12020524,8,6.2
12020524,10,3.3
12020524,11,5.7
12020524,12,4.4
12020524,13,6
12020524,19,5.2
12020524,20,4.7
12020524,21,4.7
12020524,22,5.1
12020524,23,7.7
12020524,25,6
12020524,26,7.1
12020018,1,3
12020018,2,2
12020018,3,3
12020018,4,2
12020018,5,2
12020018,6,1
12020018,7,2
12020018,8,4
12020018,9,3
12020018,10,2
12020018,11,2
12020018,12,3
12020018,13,2
12020018,14,3
12020018,15,4
12020018,16,2
12020018,17,2
12020018,19,3
12020018,20,3
12020018,21,2
12020018,22,5
12020018,23,4
12020018,24,3
12020018,25,4
12020018,26,1
12020018,27,2
12020018,28,4
12020018,29,4
12020018,30,3
12020018,31,4
12020018,32,5
12020018,39,4
12020018,40,4
12020018,42,3
12020018,47,1
12020018,63,3
12020018,66,2
12020021,1,3
12020021,2,3
12020021,3,4
12020021,4,2
12020021,5,4
12020021,6,4
12020021,7,3
12020021,8,5
12020021,9,5
12020021,10,5
12020021,11,4
12020021,12,3
12020021,13,4
12020021,14,4
12020021,15,4
12020021,16,3
12020021,17,5
12020021,19,5
12020021,20,4
12020021,21,4
12020021,22,5
12020021,23,4
12020021,24,4
12020021,25,2
12020021,26,4
12020021,27,3
12020021,28,4
12020021,29,3
12020021,30,3
12020021,31,2
12020021,32,4
12020021,37,2
12020021,40,4
12020021,42,4
12020021,47,2
12020021,49,4
12020021,66,2
12020038,1,3
12020038,2,4
12020038,3,3
12020038,5,3
12020038,6,3
12020038,7,3
12020038,8,4
12020038,9,3
12020038,10,1
12020038,11,4
12020038,12,3
12020038,13,4
12020038,14,3
12020038,15,3
12020038,16,2
12020038,17,2
12020038,19,1
12020038,20,3
12020038,21,3
12020038,22,2
12020038,23,3
12020038,24,3
12020038,25,3
12020038,26,1
12020038,27,3
12020038,28,3
12020038,29,2
12020038,30,2
12020038,31,2
12020038,33,2
12020038,37,2
12020038,47,1
12020038,49,1
12020038,56,2
12020038,62,3
12020038,63,3
12020051,1,3
12020051,2,4
12020051,3,3
12020051,4,2
12020051,5,3
12020051,6,3
12020051,7,4
12020051,8,4
12020051,9,4
12020051,10,3
12020051,11,3
12020051,12,2
12020051,13,4
12020051,14,4
12020051,15,3
12020051,16,4
12020051,17,2
12020051,19,2
12020051,20,2
12020051,21,2
12020051,22,3
12020051,23,3
12020051,24,2
12020051,25,2
12020051,26,2
12020051,27,1
12020051,28,1
12020051,29,3
12020051,30,3
12020051,31,1
12020051,32,2
12020051,37,2
12020051,40,2
12020051,42,2
12020051,45,1
12020051,46,2
12020051,47,1
12020051,66,2
12020491,1,2
12020491,2,3
12020491,3,3
12020491,4,2
12020491,5,2
12020491,6,4
12020491,7,2
12020491,8,3
12020491,9,1
12020491,10,4
12020491,11,3
12020491,12,3
12020491,13,3
12020491,14,3
12020491,15,2
12020491,16,3
12020491,17,1
12020491,19,2
12020491,20,2
12020491,21,3
12020491,22,3
12020491,23,2
12020491,24,3
12020491,25,4
12020491,26,4
12020491,27,1
12020491,28,2
12020491,29,3
12020491,30,2
12020491,31,2
12020491,33,1
12020491,39,2
12020491,42,3
12020491,47,2
12020491,49,1
12020491,52,2
12020491,58,5
12020491,66,1
12020084,1,2
12020084,2,2
12020084,3,2
12020084,4,3
12020084,5,1
12020084,6,1
12020084,7,2
12020084,8,4
12020084,9,3
12020084,10,2
12020084,11,1
12020084,12,4
12020084,13,2
12020084,14,2
12020084,15,3
12020084,16,3
12020084,17,3
12020084,19,2
12020084,20,2
12020084,21,1
12020084,22,3
12020084,23,3
12020084,24,4
12020084,25,2
12020084,26,2
12020084,27,1
12020084,28,4
12020084,29,3
12020084,30,2
12020084,31,2
12020084,33,3
12020084,37,1
12020084,48,2
12020084,49,3
12020084,52,3
12020084,58,1
12020084,59,3
12020084,61,1
12020084,66,1
12020092,1,4
12020092,2,2
12020092,3,2
12020092,4,2
12020092,5,2
12020092,6,3
12020092,7,3
12020092,8,4
12020092,9,5
12020092,10,3
12020092,11,2
12020092,12,1
12020092,13,3
12020092,14,3
12020092,15,4
12020092,16,3
12020092,17,2
12020092,19,2
12020092,20,2
12020092,21,2
12020092,22,2
12020092,23,4
12020092,24,3
12020092,25,2
12020092,26,3
12020092,27,1
12020092,28,4
12020092,29,3
12020092,30,2
12020092,31,5
12020092,33,3
12020092,37,2
12020092,45,2
12020092,46,4
12020092,48,4
12020092,49,1
12020092,63,3
12020092,66,1
12020094,1,4
12020094,2,4
12020094,3,2
12020094,4,3
12020094,5,3
12020094,6,3
12020094,7,3
12020094,8,4
12020094,9,5
12020094,10,5
12020094,11,3
12020094,12,5
12020094,13,1
12020094,14,4
12020094,15,4
12020094,16,4
12020094,17,3
12020094,19,4
12020094,20,4
12020094,21,2
12020094,22,5
12020094,23,4
12020094,24,4
12020094,25,4
12020094,26,4
12020094,27,2
12020094,28,5
12020094,29,5
12020094,30,2
12020094,33,2
12020094,39,4
12020094,40,4
12020094,45,4
12020094,49,4
12020098,1,3
12020098,2,4
12020098,3,3
12020098,4,2
12020098,5,4
12020098,6,3
12020098,7,3
12020098,8,4
12020098,9,5
12020098,10,5
12020098,11,4
12020098,12,4
12020098,13,4
12020098,14,3
12020098,15,5
12020098,16,3
12020098,17,3
12020098,19,4
12020098,20,3
12020098,21,2
12020098,22,3
12020098,23,3
12020098,24,3
12020098,25,4
12020098,26,4
12020098,27,5
12020098,28,4
12020098,30,3
12020098,31,5
12020098,32,1
12020098,39,5
12020098,46,4
12020098,48,3
12020098,63,5
12020098,66,1
12020113,1,2
12020113,2,3
12020113,3,3
12020113,4,2
12020113,5,3
12020113,6,3
12020113,7,3
12020113,8,4
12020113,9,3
12020113,10,1
12020113,11,3
12020113,12,2
12020113,13,3
12020113,14,2
12020113,15,3
12020113,16,3
12020113,17,3
12020113,19,1
12020113,20,2
12020113,21,1
12020113,22,2
12020113,23,1
12020113,24,3
12020113,25,2
12020113,26,3
12020113,27,1
12020113,28,2
12020113,29,3
12020113,30,2
12020113,31,1
12020113,33,3
12020113,37,2
12020113,42,2
12020113,46,2
12020113,49,2
12020113,53,3
12020113,58,1
12020113,66,1
12020117,1,3
12020117,2,3
12020117,3,1
12020117,4,2
12020117,5,2
12020117,6,4
12020117,7,2
12020117,8,3
12020117,9,4
12020117,10,2
12020117,11,2
12020117,12,3
12020117,13,1
12020117,14,3
12020117,15,3
12020117,16,3
12020117,17,1
12020117,19,1
12020117,20,1
12020117,21,1
12020117,22,2
12020117,23,3
12020117,24,2
12020117,25,2
12020117,26,2
12020117,27,1
12020117,28,2
12020117,29,3
12020117,30,2
12020117,31,4
12020117,33,3
12020117,37,1
12020117,42,2
12020117,46,2
12020117,47,1
12020117,58,3
12020117,63,3
12020117,66,2
12020125,1,3
12020125,2,3
12020125,5,3
12020125,6,3
12020125,7,2
12020125,8,5
12020125,9,2
12020125,10,5
12020125,11,3
12020125,12,2
12020125,13,3
12020125,14,4
12020125,15,5
12020125,16,5
12020125,17,3
12020125,19,3
12020125,20,3
12020125,21,2
12020125,22,2
12020125,23,5
12020125,24,2
12020125,25,4
12020125,26,2
12020125,29,3
12020125,31,5
12020125,32,3
12020125,45,3
12020125,47,1
12020125,49,1
12020125,63,5
12020125,66,1
12020145,1,3
12020145,2,2
12020145,3,3
12020145,4,2
12020145,5,2
12020145,6,2
12020145,7,2
12020145,8,3
12020145,9,1
12020145,10,5
12020145,11,3
12020145,12,3
12020145,13,4
12020145,14,2
12020145,15,3
12020145,16,1
12020145,17,1
12020145,19,1
12020145,20,2
12020145,21,1
12020145,22,1
12020145,23,2
12020145,24,2
12020145,25,3
12020145,26,3
12020145,27,2
12020145,28,2
12020145,29,3
12020145,30,2
12020145,31,1
12020145,32,5
12020145,34,1
12020145,39,4
12020145,46,3
12020145,47,2
12020145,48,2
12020145,52,1
12020145,62,5
12020145,66,1
12020158,1,3
12020158,2,3
12020158,3,4
12020158,4,2
12020158,5,2
12020158,6,2
12020158,7,3
12020158,8,4
12020158,9,4
12020158,10,5
12020158,11,2
12020158,12,3
12020158,13,3
12020158,14,3
12020158,15,2
12020158,16,2
12020158,17,2
12020158,19,2
12020158,20,2
12020158,21,2
12020158,22,3
12020158,23,4
12020158,24,3
12020158,25,2
12020158,26,1
12020158,27,3
12020158,28,2
12020158,29,1
12020158,30,2
12020158,31,1
12020158,33,3
12020158,39,4
12020158,40,3
12020158,42,4
12020158,45,4
12020158,47,1
12020158,63,2
12020158,66,1
12020501,1,3
12020501,2,3
12020501,3,3
12020501,4,2
12020501,5,3
12020501,6,3
12020501,7,3
12020501,8,5
12020501,10,5
12020501,11,5
12020501,12,5
12020501,13,3
12020501,14,4
12020501,15,5
12020501,17,2
12020501,19,3
12020501,20,4
12020501,21,4
12020501,22,4
12020501,24,4
12020501,26,5
12020501,27,4
12020501,28,5
12020501,29,5
12020501,30,2
12020501,33,3
12020501,42,5
12020501,47,2
12020183,1,3
12020183,2,2
12020183,3,3
12020183,4,5
12020183,5,2
12020183,6,2
12020183,7,1
12020183,8,1
12020183,9,3
12020183,10,3
12020183,11,2
12020183,12,3
12020183,13,2
12020183,14,3
12020183,15,5
12020183,16,4
12020183,17,2
12020183,19,5
12020183,20,2
12020183,21,2
12020183,22,3
12020183,23,5
12020183,24,4
12020183,25,4
12020183,26,1
12020183,27,2
12020183,29,3
12020183,30,2
12020183,31,1
12020183,33,3
12020183,39,5
12020183,40,4
12020183,42,5
12020183,45,4
12020183,48,3
12020183,49,3
12020183,63,3
12020183,66,1
12020533,1,3
12020533,2,4
12020533,3,1
12020533,4,2
12020533,5,2
12020533,6,3
12020533,7,3
12020533,8,3
12020533,9,3
12020533,10,1
12020533,11,3
12020533,12,2
12020533,13,3
12020533,14,3
12020533,15,3
12020533,16,2
12020533,17,2
12020533,19,3
12020533,20,2
12020533,21,1
12020533,22,3
12020533,23,1
12020533,24,3
12020533,25,3
12020533,26,1
12020533,27,1
12020533,28,2
12020533,29,3
12020533,30,2
12020533,31,2
12020533,33,3
12020533,37,2
12020533,47,2
12020533,58,2
12020533,63,2
12020533,66,1
12020172,1,6.4
12020172,2,5.9
12020172,3,6.3
12020172,4,3
12020172,5,7.5
12020172,7,6.5
12020172,8,5.2
12020172,10,6.5
12020172,11,6.6
12020172,12,8
12020172,13,6.3
12020172,14,7.7
12020172,16,7.4
12020172,19,5.6
12020172,20,5.7
12020172,21,7.6
12020172,23,5.4
12020172,25,5.5
12020172,26,9.2
12020172,39,2.1
12020199,1,2
12020199,2,4
12020199,3,4
12020199,4,2
12020199,5,2
12020199,6,1
12020199,7,2
12020199,8,2
12020199,9,2
12020199,10,2
12020199,11,1
12020199,12,1
12020199,13,2
12020199,14,2
12020199,15,2
12020199,16,2
12020199,17,1
12020199,19,4
12020199,20,3
12020199,21,1
12020199,22,4
12020199,23,1
12020199,24,1
12020199,25,1
12020199,26,2
12020199,27,1
12020199,28,2
12020199,30,2
12020199,31,3
12020199,33,2
12020199,39,3
12020199,45,2
12020199,46,3
12020199,47,1
12020199,56,2
12020199,58,1
12020199,66,1
12020204,1,3
12020204,2,4
12020204,3,3
12020204,4,2
12020204,5,2
12020204,6,3
12020204,7,2
12020204,8,1
12020204,9,1
12020204,10,5
12020204,11,2
12020204,12,3
12020204,13,3
12020204,14,4
12020204,15,3
12020204,16,2
12020204,17,3
12020204,19,1
12020204,20,4
12020204,21,1
12020204,22,2
12020204,23,2
12020204,24,4
12020204,25,3
12020204,26,4
12020204,27,3
12020204,28,5
12020204,29,3
12020204,30,3
12020204,31,2
12020204,32,1
12020204,37,2
12020204,45,2
12020204,47,2
12020204,48,2
12020204,53,3
12020204,56,1
12020204,58,3
12020204,66,2
12020232,1,3
12020232,2,3
12020232,3,3
12020232,4,3
12020232,5,3
12020232,6,2
12020232,7,2
12020232,8,4
12020232,9,3
12020232,10,3
12020232,11,1
12020232,12,2
12020232,13,3
12020232,14,2
12020232,15,3
12020232,16,1
12020232,17,2
12020232,19,1
12020232,20,3
12020232,21,2
12020232,22,3
12020232,23,2
12020232,24,2
12020232,25,3
12020232,26,1
12020232,27,2
12020232,28,3
12020232,29,1
12020232,30,3
12020232,31,4
12020232,32,1
12020232,37,2
12020232,47,2
12020232,52,3
12020232,53,3
12020232,58,1
12020232,62,1
12020232,63,5
12020232,66,3
12020238,1,4
12020238,2,3
12020238,3,2
12020238,5,3
12020238,6,3
12020238,7,3
12020238,8,4
12020238,9,3
12020238,10,4
12020238,11,2
12020238,12,3
12020238,13,2
12020238,14,4
12020238,15,3
12020238,16,4
12020238,17,2
12020238,19,2
12020238,20,4
12020238,21,3
12020238,22,4
12020238,23,2
12020238,24,3
12020238,25,2
12020238,26,3
12020238,27,2
12020238,28,2
12020238,29,3
12020238,30,2
12020238,31,2
12020238,33,3
12020238,39,4
12020238,45,2
12020238,47,1
12020238,48,2
12020238,52,3
12020238,58,3
12020238,66,1
12020241,1,3
12020241,2,5
12020241,3,4
12020241,4,5
12020241,5,3
12020241,6,2
12020241,7,2
12020241,8,3
12020241,10,5
12020241,11,1
12020241,12,5
12020241,13,4
12020241,15,5
12020241,16,4
12020241,17,5
12020241,19,4
12020241,20,4
12020241,21,4
12020241,22,4
12020241,23,1
12020241,24,5
12020241,25,5
12020241,26,3
12020241,27,5
12020241,28,5
12020241,29,5
12020241,33,4
12020241,39,5
12020241,63,5
11020201,5,1
11020201,9,2
11020201,10,3
11020201,11,3
11020201,12,3
11020201,13,1
11020201,14,1
11020201,15,3
11020201,16,3
11020201,17,4
11020201,19,2
11020201,20,4
11020201,21,4
11020201,22,3
11020201,23,1
11020201,24,3
11020201,25,4
11020201,26,4
11020201,27,2
11020201,28,3
11020201,29,2
11020201,30,2
11020201,31,2
11020201,32,2
11020201,33,3
11020201,46,3
11020201,47,1
11020201,49,2
11020201,62,4
11020201,63,3
11020201,66,4
12020507,1,2
12020507,2,2
12020507,3,2
12020507,4,1
12020507,5,3
12020507,6,4
12020507,7,3
12020507,8,4
12020507,9,3
12020507,10,1
12020507,11,4
12020507,12,2
12020507,13,3
12020507,14,3
12020507,15,1
12020507,16,3
12020507,17,1
12020507,19,2
12020507,20,4
12020507,21,1
12020507,22,3
12020507,23,3
12020507,24,1
12020507,25,2
12020507,26,4
12020507,27,1
12020507,28,2
12020507,29,4
12020507,30,2
12020507,31,2
12020507,32,2
12020507,37,2
12020507,42,3
12020507,45,1
12020507,47,1
12020507,48,2
12020507,63,2
12020507,66,2
12020258,1,3
12020258,2,4
12020258,3,3
12020258,4,2
12020258,5,3
12020258,6,2
12020258,7,4
12020258,8,4
12020258,9,4
12020258,10,2
12020258,11,4
12020258,12,4
12020258,13,4
12020258,14,4
12020258,15,3
12020258,16,4
12020258,17,4
12020258,19,3
12020258,20,3
12020258,21,2
12020258,22,4
12020258,23,3
12020258,24,4
12020258,25,4
12020258,26,3
12020258,27,2
12020258,28,4
12020258,29,3
12020258,30,1
12020258,31,2
12020258,33,4
12020258,39,4
12020258,40,4
12020258,42,5
12020258,63,4
12020258,66,2
12020259,1,3
12020259,2,3
12020259,3,2
12020259,5,2
12020259,6,2
12020259,7,3
12020259,8,3
12020259,9,4
12020259,10,3
12020259,11,2
12020259,12,3
12020259,13,5
12020259,14,2
12020259,15,5
12020259,16,5
12020259,17,5
12020259,19,1
12020259,20,5
12020259,21,4
12020259,22,5
12020259,23,5
12020259,24,5
12020259,25,5
12020259,26,2
12020259,30,5
12020259,32,2
12020259,39,4
12020638,1,7.6
12020638,2,6.6
12020638,5,8.5
12020638,6,7.2
12020638,7,7
12020638,8,5.7
12020638,10,3.8
12020638,11,6.3
12020638,12,4.8
12020638,13,5.9
12020282,1,4.7
12020282,5,7.5
12020282,6,7
12020282,7,7.2
12020282,8,5.4
12020282,9,5.6
12020282,10,5.2
12020282,11,5.9
12020282,12,6.4
12020282,13,4.4
12020282,14,5.1
12020282,21,6.2
12020282,22,5
12020282,25,6.7
12020282,26,4.2
12020515,1,7.9
12020515,2,8.1
12020515,3,5.8
12020515,4,8
12020515,5,6.8
12020515,6,9
12020515,7,8.2
12020515,8,5.7
12020515,10,5
12020515,11,5.2
12020515,12,7.1
12020515,13,6.2
12020515,14,4.8
12020515,16,8.5
12020515,19,6.7
12020515,20,7.6
12020515,21,8
12020515,22,6.1
12020515,23,5.4
12020515,25,6.7
12020515,26,5
12020515,29,4
12020331,1,7.5
12020331,2,6.9
12020331,5,7.4
12020331,6,5.7
12020331,7,6.1
12020331,8,4.3
12020331,10,3.1
12020331,11,5.3
12020331,12,7.5
12020331,13,5.3
12020358,1,5
12020358,2,2
12020358,3,2
12020358,4,2
12020358,5,1
12020358,6,3
12020358,7,2
12020358,8,1
12020358,9,1
12020358,10,5
12020358,11,3
12020358,12,4
12020358,13,4
12020358,14,3
12020358,15,4
12020358,16,2
12020358,17,1
12020358,19,2
12020358,20,2
12020358,21,1
12020358,22,4
12020358,23,4
12020358,24,4
12020358,25,3
12020358,26,3
12020358,27,1
12020358,28,2
12020358,29,3
12020358,30,1
12020358,31,2
12020358,32,2
12020358,39,3
12020358,46,3
12020358,47,1
12020358,56,4
12020358,62,1
12020358,63,1
12020358,66,1
11020287,10,7.5
11020287,11,6.3
11020287,13,5.4
11020287,16,4.2
11020287,19,6.3
11020287,20,4.6
11020287,23,6
11020287,25,5.5
11020287,28,6.6
12020352,1,2
12020352,2,2
12020352,3,3
12020352,4,2
12020352,5,1
12020352,6,1
12020352,7,2
12020352,8,3
12020352,9,3
12020352,10,2
12020352,11,4
12020352,12,1
12020352,13,3
12020352,14,3
12020352,15,1
12020352,16,2
12020352,17,2
12020352,19,1
12020352,20,3
12020352,21,1
12020352,22,3
12020352,23,3
12020352,24,2
12020352,25,2
12020352,26,1
12020352,27,3
12020352,28,1
12020352,29,1
12020352,30,2
12020352,31,2
12020352,32,2
12020352,36,2
12020352,40,2
12020352,42,1
12020352,47,2
12020352,49,1
12020352,63,1
12020352,66,2
12020365,1,3
12020365,2,4
12020365,3,4
12020365,4,2
12020365,5,1
12020365,6,1
12020365,7,1
12020365,8,1
12020365,9,1
12020365,10,3
12020365,11,2
12020365,12,1
12020365,13,2
12020365,14,3
12020365,15,4
12020365,16,1
12020365,17,2
12020365,19,2
12020365,20,1
12020365,21,1
12020365,22,1
12020365,23,3
12020365,24,2
12020365,25,1
12020365,26,1
12020365,27,1
12020365,28,2
12020365,29,2
12020365,30,1
12020365,31,2
12020365,32,2
12020365,39,3
12020365,46,2
12020365,49,2
12020365,62,3
12020365,63,2
12020379,1,2
12020379,2,3
12020379,3,3
12020379,4,2
12020379,5,3
12020379,6,1
12020379,7,4
12020379,8,4
12020379,9,4
12020379,10,4
12020379,11,3
12020379,12,2
12020379,13,3
12020379,14,4
12020379,15,2
12020379,16,3
12020379,17,3
12020379,19,2
12020379,20,3
12020379,21,2
12020379,22,4
12020379,23,3
12020379,24,3
12020379,25,3
12020379,26,4
12020379,27,3
12020379,28,2
12020379,29,3
12020379,30,2
12020379,31,4
12020379,32,2
12020379,36,3
12020379,42,2
12020379,47,1
12020379,49,3
12020379,58,2
12020379,63,3
12020379,66,1
12020391,1,3
12020391,2,3
12020391,3,3
12020391,4,2
12020391,5,4
12020391,6,5
12020391,7,2
12020391,8,4
12020391,9,4
12020391,10,4
12020391,11,3
12020391,12,3
12020391,13,3
12020391,14,3
12020391,15,3
12020391,16,2
12020391,17,3
12020391,19,2
12020391,20,2
12020391,21,1
12020391,22,4
12020391,23,3
12020391,24,2
12020391,26,4
12020391,27,1
12020391,28,2
12020391,29,3
12020391,30,2
12020391,31,2
12020391,32,2
12020391,39,3
12020391,45,2
12020391,46,3
12020391,47,1
12020391,48,1
12020391,62,4
12020391,66,2
12020405,1,4
12020405,2,3
12020405,3,3
12020405,4,2
12020405,5,3
12020405,6,2
12020405,7,3
12020405,8,4
12020405,9,3
12020405,10,5
12020405,11,3
12020405,12,2
12020405,13,3
12020405,14,3
12020405,15,5
12020405,16,4
12020405,17,4
12020405,19,3
12020405,20,3
12020405,21,1
12020405,22,4
12020405,23,5
12020405,24,4
12020405,25,4
12020405,26,3
12020405,27,4
12020405,30,5
12020405,33,4
12020405,39,5
12020405,56,5
12020405,63,5
12020413,1,3
12020413,2,1
12020413,3,3
12020413,4,2
12020413,5,2
12020413,6,2
12020413,7,4
12020413,8,3
12020413,9,3
12020413,10,1
12020413,11,3
12020413,12,2
12020413,13,3
12020413,14,2
12020413,15,1
12020413,16,1
12020413,17,1
12020413,19,1
12020413,20,1
12020413,21,1
12020413,22,1
12020413,23,2
12020413,24,1
12020413,25,1
12020413,26,1
12020413,27,1
12020413,28,1
12020413,29,2
12020413,30,2
12020413,31,3
12020413,32,3
12020413,39,3
12020413,42,2
12020413,45,2
12020413,47,2
12020413,48,2
12020413,58,1
12020413,63,1
12020413,66,1
12020431,1,3
12020431,2,3
12020431,3,3
12020431,4,2
12020431,5,3
12020431,6,2
12020431,7,2
12020431,8,4
12020431,9,5
12020431,10,4
12020431,11,3
12020431,12,3
12020431,13,3
12020431,14,2
12020431,15,5
12020431,16,3
12020431,17,4
12020431,19,3
12020431,20,3
12020431,21,3
12020431,22,4
12020431,23,5
12020431,24,4
12020431,25,4
12020431,26,5
12020431,27,4
12020431,29,5
12020431,30,5
12020431,33,3
12020431,39,4
12020431,63,3
11020026,1,3
11020026,2,4
11020026,3,1
11020026,4,4
11020026,5,2
11020026,6,5
11020026,9,4
11020026,10,1
11020026,11,1
11020026,12,3
11020026,13,2
11020026,14,3
11020026,16,5
11020026,17,2
11020026,19,3
11020026,20,3
11020026,21,5
11020026,22,3
11020026,23,5
11020026,24,3
11020026,26,3
11020026,32,3
11020002,1,2
11020002,2,2
11020002,3,3
11020002,4,2
11020002,5,1
11020002,6,3
11020002,7,1
11020002,8,2
11020002,9,1
11020002,10,3
11020002,11,3
11020002,12,3
11020002,13,2
11020002,14,4
11020002,15,1
11020002,16,1
11020002,17,2
11020002,19,3
11020002,20,2
11020002,21,2
11020002,22,1
11020002,23,2
11020002,24,3
11020002,25,1
11020002,26,2
11020002,27,1
11020002,28,4
11020002,29,2
11020002,30,2
11020002,32,3
11020002,33,2
11020002,48,1
11020002,49,2
11020002,51,1
11020002,52,1
11020002,62,1
11020002,63,2
11020002,66,1
11020002,67,1
11020002,70,3
11020411,1,3
11020411,2,3
11020411,3,3
11020411,4,4
11020411,5,2
11020411,6,2
11020411,7,3
11020411,8,4
11020411,9,3
11020411,10,2
11020411,11,2
11020411,12,4
11020411,13,3
11020411,14,4
11020411,15,3
11020411,16,3
11020411,17,3
11020411,19,3
11020411,20,2
11020411,21,3
11020411,22,3
11020411,23,2
11020411,24,3
11020411,25,3
11020411,26,3
11020411,27,2
11020411,28,4
11020411,29,3
11020411,30,4
11020411,32,4
11020411,33,4
11020411,48,2
11020411,49,3
11020411,52,1
11020411,56,5
11020411,62,4
11020411,63,3
11020411,66,1
11020411,67,2
11020411,78,2
11020013,1,3
11020013,2,3
11020013,3,4
11020013,4,2
11020013,5,3
11020013,6,3
11020013,7,4
11020013,8,3
11020013,9,4
11020013,10,3
11020013,11,3
11020013,12,2
11020013,13,3
11020013,14,4
11020013,15,3
11020013,16,3
11020013,17,3
11020013,19,3
11020013,20,3
11020013,21,4
11020013,22,2
11020013,23,3
11020013,24,3
11020013,25,2
11020013,26,2
11020013,27,2
11020013,28,3
11020013,29,4
11020013,30,2
11020013,32,2
11020013,33,3
11020013,48,2
11020013,49,2
11020013,52,4
11020013,56,4
11020013,62,2
11020013,63,2
11020013,66,2
11020013,67,1
11020013,78,5
11020023,1,3
11020023,2,3
11020023,3,3
11020023,4,2
11020023,5,3
11020023,6,3
11020023,7,2
11020023,8,2
11020023,9,3
11020023,10,2
11020023,11,3
11020023,12,3
11020023,13,4
11020023,14,2
11020023,15,2
11020023,16,3
11020023,17,3
11020023,19,3
11020023,20,2
11020023,21,4
11020023,22,4
11020023,23,1
11020023,24,3
11020023,25,3
11020023,26,2
11020023,27,2
11020023,28,2
11020023,29,2
11020023,30,2
11020023,32,5
11020023,33,2
11020023,48,3
11020023,49,3
11020023,52,2
11020023,56,3
11020023,61,1
11020023,62,3
11020023,63,2
11020023,66,2
11020023,68,2
11020029,1,3
11020029,2,3
11020029,3,3
11020029,4,3
11020029,5,2
11020029,6,3
11020029,7,3
11020029,8,2
11020029,9,2
11020029,10,3
11020029,11,2
11020029,12,3
11020029,13,3
11020029,14,2
11020029,15,2
11020029,16,2
11020029,17,1
11020029,19,3
11020029,20,2
11020029,21,2
11020029,22,2
11020029,23,3
11020029,24,3
11020029,25,3
11020029,26,2
11020029,27,2
11020029,28,4
11020029,29,3
11020029,30,3
11020029,32,2
11020029,33,2
11020029,48,2
11020029,49,3
11020029,52,3
11020029,56,5
11020029,58,1
11020029,63,4
11020029,66,2
11020029,67,1
11020029,78,2
11020046,1,3
11020046,2,3
11020046,3,3
11020046,4,4
11020046,5,2
11020046,6,2
11020046,7,3
11020046,8,4
11020046,9,4
11020046,10,3
11020046,11,3
11020046,12,3
11020046,13,4
11020046,14,5
11020046,15,3
11020046,16,3
11020046,17,2
11020046,19,3
11020046,20,2
11020046,21,2
11020046,22,2
11020046,23,3
11020046,24,4
11020046,25,3
11020046,26,1
11020046,27,2
11020046,28,4
11020046,29,3
11020046,30,2
11020046,31,2
11020046,32,2
11020046,33,3
11020046,45,3
11020046,48,1
11020046,52,1
11020046,58,1
11020046,62,3
11020046,63,3
11020046,66,1
11020046,67,2
11020053,1,3
11020053,2,3
11020053,3,3
11020053,4,2
11020053,5,3
11020053,6,3
11020053,7,4
11020053,8,3
11020053,9,3
11020053,10,4
11020053,11,4
11020053,12,3
11020053,13,3
11020053,14,4
11020053,15,4
11020053,16,1
11020053,17,4
11020053,19,3
11020053,20,2
11020053,21,2
11020053,22,2
11020053,23,2
11020053,24,3
11020053,25,2
11020053,26,2
11020053,27,1
11020053,28,4
11020053,29,3
11020053,30,3
11020053,32,2
11020053,33,3
11020053,49,2
11020053,52,2
11020053,53,2
11020053,58,3
11020053,63,2
11020053,66,1
11020053,67,1
11020053,78,2
11020066,1,3
11020066,2,3
11020066,3,2
11020066,4,2
11020066,5,1
11020066,6,1
11020066,7,2
11020066,8,3
11020066,9,2
11020066,10,2
11020066,11,1
11020066,12,3
11020066,13,2
11020066,14,3
11020066,15,3
11020066,16,1
11020066,17,3
11020066,19,1
11020066,20,1
11020066,21,3
11020066,22,2
11020066,23,3
11020066,24,4
11020066,25,3
11020066,26,3
11020066,27,3
11020066,28,4
11020066,29,2
11020066,30,3
11020066,32,5
11020066,33,3
11020066,40,3
11020066,47,1
11020066,52,1
11020066,53,4
11020066,56,3
11020066,63,2
11020066,66,3
11020066,67,5
11020071,1,3
11020071,2,3
11020071,3,3
11020071,4,4
11020071,5,2
11020071,6,3
11020071,7,3
11020071,8,4
11020071,9,2
11020071,10,3
11020071,11,2
11020071,12,2
11020071,13,3
11020071,14,3
11020071,15,3
11020071,16,3
11020071,17,4
11020071,19,2
11020071,20,2
11020071,21,2
11020071,22,4
11020071,23,3
11020071,24,4
11020071,25,2
11020071,26,4
11020071,27,2
11020071,28,3
11020071,29,3
11020071,30,2
11020071,32,2
11020071,33,4
11020071,47,3
11020071,49,4
11020071,52,2
11020071,56,3
11020071,58,1
11020071,63,3
11020071,66,1
11020071,67,2
11020079,1,2
11020079,2,2
11020079,3,3
11020079,4,3
11020079,5,2
11020079,6,2
11020079,7,4
11020079,8,2
11020079,9,2
11020079,10,2
11020079,11,2
11020079,12,3
11020079,13,3
11020079,14,3
11020079,15,2
11020079,16,3
11020079,17,3
11020079,19,3
11020079,20,2
11020079,21,4
11020079,22,2
11020079,23,2
11020079,24,2
11020079,25,1
11020079,26,3
11020079,27,1
11020079,28,4
11020079,29,3
11020079,30,2
11020079,32,2
11020079,33,4
11020079,48,2
11020079,49,3
11020079,52,3
11020079,53,3
11020079,56,3
11020079,58,2
11020079,63,2
11020079,66,2
11020079,67,2
11020083,1,2
11020083,2,2
11020083,3,3
11020083,4,3
11020083,5,2
11020083,6,4
11020083,7,3
11020083,8,3
11020083,9,4
11020083,10,2
11020083,11,3
11020083,12,3
11020083,13,3
11020083,14,2
11020083,15,3
11020083,16,4
11020083,17,3
11020083,19,3
11020083,20,2
11020083,21,2
11020083,22,2
11020083,23,2
11020083,24,3
11020083,25,3
11020083,26,2
11020083,27,1
11020083,28,3
11020083,29,3
11020083,30,2
11020083,32,1
11020083,33,3
11020083,40,1
11020083,45,2
11020083,49,1
11020083,52,1
11020083,56,5
11020083,62,1
11020083,63,2
11020083,66,1
11020083,67,2
11020087,1,2
11020087,2,2
11020087,3,4
11020087,4,3
11020087,5,3
11020087,6,2
11020087,7,3
11020087,8,2
11020087,9,3
11020087,10,2
11020087,11,1
11020087,12,4
11020087,13,3
11020087,14,3
11020087,15,4
11020087,16,4
11020087,17,3
11020087,19,3
11020087,20,3
11020087,21,4
11020087,22,2
11020087,23,2
11020087,24,4
11020087,25,2
11020087,26,4
11020087,27,2
11020087,28,4
11020087,29,5
11020087,30,5
11020087,32,2
11020087,33,4
11020087,48,1
11020087,49,2
11020087,52,1
11020087,53,4
11020087,56,3
11020087,63,3
11020087,66,1
11020087,67,5
11020093,1,6.9
11020093,2,6.9
11020093,3,6
11020093,4,5.8
11020093,5,9.5
11020093,6,7.4
11020093,7,6.2
11020093,8,5.1
11020093,9,4.9
11020093,10,6.5
11020093,11,6.6
11020093,12,8.6
11020093,13,7
11020093,14,4.7
11020093,19,7.8
11020093,20,7.5
11020093,22,6.2
11020093,23,5.6
11020093,25,5.9
11020093,26,6.5
11020093,32,8.4
11020100,1,7.9
11020100,2,7.9
11020100,3,7.5
11020100,5,5.4
11020100,6,5.3
11020100,7,8.4
11020100,8,10
11020100,11,8.2
11020100,12,8.4
11020100,13,8.8
11020100,19,7.2
11020100,21,5.3
11020100,22,8.2
11020100,23,6.8
11020100,25,8.5
11020100,26,5.2
11020111,1,6.8
11020111,2,6.8
11020111,5,8.8
11020111,6,7.4
11020111,7,7.4
11020111,8,7.1
11020111,10,5.5
11020111,11,5.5
11020111,26,6.3
11020416,1,2
11020416,2,2
11020416,3,2
11020416,4,3
11020416,5,2
11020416,6,4
11020416,7,2
11020416,8,1
11020416,9,1
11020416,10,1
11020416,11,3
11020416,12,4
11020416,13,2
11020416,14,3
11020416,15,2
11020416,16,3
11020416,17,3
11020416,19,1
11020416,20,2
11020416,21,3
11020416,22,2
11020416,23,4
11020416,24,3
11020416,25,2
11020416,26,4
11020416,27,2
11020416,28,1
11020416,29,2
11020416,30,1
11020416,32,1
11020416,33,3
11020416,48,1
11020416,49,2
11020416,52,2
11020416,56,2
11020416,58,2
11020416,63,1
11020416,66,1
11020416,67,1
11020144,1,2
11020144,2,2
11020144,3,3
11020144,4,4
11020144,5,3
11020144,6,2
11020144,7,2
11020144,8,3
11020144,9,3
11020144,10,3
11020144,11,4
11020144,12,4
11020144,13,3
11020144,14,2
11020144,15,4
11020144,16,1
11020144,17,3
11020144,19,2
11020144,20,1
11020144,21,1
11020144,22,2
11020144,23,4
11020144,24,4
11020144,25,1
11020144,26,3
11020144,27,1
11020144,28,2
11020144,29,3
11020144,30,2
11020144,32,2
11020144,33,3
11020144,45,2
11020144,48,3
11020144,52,3
11020144,56,2
11020144,61,2
11020144,62,2
11020144,63,3
11020144,66,1
11020144,68,2
11020153,1,2
11020153,2,2
11020153,3,3
11020153,4,3
11020153,5,2
11020153,6,3
11020153,7,3
11020153,8,4
11020153,9,2
11020153,10,3
11020153,11,3
11020153,12,3
11020153,13,2
11020153,14,2
11020153,15,2
11020153,16,1
11020153,17,2
11020153,19,2
11020153,20,2
11020153,21,1
11020153,22,2
11020153,23,4
11020153,24,3
11020153,25,2
11020153,26,2
11020153,27,1
11020153,28,4
11020153,29,3
11020153,30,2
11020153,32,3
11020153,33,4
11020153,48,2
11020153,49,3
11020153,52,2
11020153,56,3
11020153,62,2
11020153,63,3
11020153,66,1
11020153,67,1
11020158,1,3
11020158,2,3
11020158,3,3
11020158,4,3
11020158,5,2
11020158,6,1
11020158,7,3
11020158,8,4
11020158,9,2
11020158,10,1
11020158,11,1
11020158,12,1
11020158,13,2
11020158,14,4
11020158,15,4
11020158,16,2
11020158,17,2
11020158,19,3
11020158,20,2
11020158,21,4
11020158,22,4
11020158,23,4
11020158,24,2
11020158,25,2
11020158,26,1
11020158,27,2
11020158,28,3
11020158,29,3
11020158,30,4
11020158,32,3
11020158,33,2
11020158,40,5
11020158,45,5
11020158,46,5
11020158,47,1
11020158,48,5
11020158,52,4
11020158,56,3
11020158,58,2
11020158,60,5
11020158,61,1
11020158,62,1
11020158,63,4
11020158,66,1
11020158,68,2
11020165,1,2
11020165,2,2
11020165,3,2
11020165,4,3
11020165,5,3
11020165,6,2
11020165,7,3
11020165,8,4
11020165,9,2
11020165,10,3
11020165,11,2
11020165,12,4
11020165,13,2
11020165,14,4
11020165,15,4
11020165,16,2
11020165,17,4
11020165,19,4
11020165,20,3
11020165,21,4
11020165,22,3
11020165,23,5
11020165,24,4
11020165,25,3
11020165,26,4
11020165,27,3
11020165,28,4
11020165,29,5
11020165,30,2
11020165,32,2
11020165,33,3
11020165,45,1
11020165,46,4
11020165,47,5
11020165,48,3
11020165,52,5
11020165,61,2
11020165,62,3
11020165,63,3
11020165,66,1
11020165,68,2
11020173,1,3
11020173,2,3
11020173,3,3
11020173,4,3
11020173,5,4
11020173,6,1
11020173,7,2
11020173,8,3
11020173,9,4
11020173,10,2
11020173,11,3
11020173,12,2
11020173,13,2
11020173,14,1
11020173,15,3
11020173,16,3
11020173,17,2
11020173,19,3
11020173,20,3
11020173,21,1
11020173,22,1
11020173,23,3
11020173,24,4
11020173,25,3
11020173,26,2
11020173,27,2
11020173,28,3
11020173,29,3
11020173,30,2
11020173,32,2
11020173,33,2
11020173,46,3
11020173,49,2
11020173,52,2
11020173,56,3
11020173,61,2
11020173,62,3
11020173,63,4
11020173,66,2
11020173,68,3
11020176,1,2
11020176,2,3
11020176,3,3
11020176,4,2
11020176,5,2
11020176,6,2
11020176,7,2
11020176,8,2
11020176,9,2
11020176,10,4
11020176,11,4
11020176,12,4
11020176,13,4
11020176,14,4
11020176,15,3
11020176,16,3
11020176,17,4
11020176,19,2
11020176,20,3
11020176,21,4
11020176,22,4
11020176,23,2
11020176,24,4
11020176,25,5
11020176,26,2
11020176,27,1
11020176,28,4
11020176,29,2
11020176,30,2
11020176,32,5
11020176,33,2
11020176,40,5
11020176,45,3
11020176,47,1
11020176,52,3
11020176,58,1
11020176,61,2
11020176,63,3
11020176,66,1
11020176,68,5
11020176,78,2
11020180,1,3
11020180,2,3
11020180,3,4
11020180,4,2
11020180,5,3
11020180,6,4
11020180,7,4
11020180,8,4
11020180,9,2
11020180,10,3
11020180,11,1
11020180,12,2
11020180,13,4
11020180,14,3
11020180,15,4
11020180,16,2
11020180,17,1
11020180,19,2
11020180,20,3
11020180,21,3
11020180,22,4
11020180,23,3
11020180,24,3
11020180,25,2
11020180,26,4
11020180,27,3
11020180,28,2
11020180,29,3
11020180,30,2
11020180,32,2
11020180,33,2
11020180,40,1
11020180,42,3
11020180,45,3
11020180,52,1
11020180,63,3
11020180,66,2
11020180,67,2
11020180,69,5
11020180,78,2
11020188,1,6.9
11020188,2,6.9
11020188,3,6.9
11020188,5,6.9
11020188,6,6.2
11020188,7,6.8
11020188,8,5.4
11020188,9,4
11020188,10,5.8
11020188,11,6.8
11020188,12,6.4
11020188,13,7.2
11020188,16,5.6
11020188,19,8
11020188,20,5.8
11020188,21,4.7
11020188,22,7.6
11020188,25,8.7
11020188,26,7.4
11020188,32,6.9
11020196,1,3
11020196,2,3
11020196,3,3
11020196,4,3
11020196,5,3
11020196,6,4
11020196,7,4
11020196,8,4
11020196,10,4
11020196,11,4
11020196,12,4
11020196,13,2
11020196,14,3
11020196,15,2
11020196,16,2
11020196,17,3
11020196,19,2
11020196,20,5
11020196,21,3
11020196,22,3
11020196,23,3
11020196,24,3
11020196,25,2
11020196,26,5
11020196,27,3
11020196,29,4
11020196,30,3
11020196,32,4
11020196,33,2
11020196,40,3
11020196,45,1
11020196,52,5
11020196,61,2
11020196,63,3
11020196,66,5
11020196,68,5
11020419,1,4
11020419,2,4
11020419,3,5
11020419,5,3
11020419,6,3
11020419,7,4
11020419,8,4
11020419,9,5
11020419,10,4
11020419,11,3
11020419,12,5
11020419,13,3
11020419,14,5
11020419,17,4
11020419,21,4
11020419,23,5
11020419,26,5
11020419,32,5
11020419,63,5
11020208,1,4
11020208,2,4
11020208,3,2
11020208,4,2
11020208,5,2
11020208,6,1
11020208,7,1
11020208,8,2
11020208,9,2
11020208,10,1
11020208,11,1
11020208,12,3
11020208,13,4
11020208,14,4
11020208,15,2
11020208,16,2
11020208,17,2
11020208,19,2
11020208,20,3
11020208,21,1
11020208,22,1
11020208,23,3
11020208,24,4
11020208,25,2
11020208,26,4
11020208,27,2
11020208,28,2
11020208,29,3
11020208,30,2
11020208,32,2
11020208,33,4
11020208,45,2
11020208,47,5
11020208,49,2
11020208,52,5
11020208,56,3
11020208,61,2
11020208,62,4
11020208,63,3
11020208,66,1
11020420,1,3
11020420,2,3
11020420,3,2
11020420,4,2
11020420,5,1
11020420,6,1
11020420,7,2
11020420,8,3
11020420,9,3
11020420,10,2
11020420,11,1
11020420,12,3
11020420,13,2
11020420,14,4
11020420,15,3
11020420,16,2
11020420,17,2
11020420,19,3
11020420,20,4
11020420,21,2
11020420,22,2
11020420,23,3
11020420,24,3
11020420,25,2
11020420,26,2
11020420,27,3
11020420,28,4
11020420,29,2
11020420,30,4
11020420,32,2
11020420,33,3
11020420,40,5
11020420,45,1
11020420,46,3
11020420,48,1
11020420,52,3
11020420,56,3
11020420,63,2
11020420,66,1
11020420,67,1
11020218,1,3
11020218,2,3
11020218,3,3
11020218,4,2
11020218,5,2
11020218,6,3
11020218,7,3
11020218,8,3
11020218,9,3
11020218,10,2
11020218,11,3
11020218,12,2
11020218,13,2
11020218,14,2
11020218,15,3
11020218,16,1
11020218,17,3
11020218,19,3
11020218,20,3
11020218,21,2
11020218,22,2
11020218,23,3
11020218,24,3
11020218,25,1
11020218,26,3
11020218,27,1
11020218,28,3
11020218,29,3
11020218,30,2
11020218,32,2
11020218,33,4
11020218,40,2
11020218,48,1
11020218,51,1
11020218,52,4
11020218,56,3
11020218,63,2
11020218,66,2
11020218,67,1
11020225,1,6.6
11020225,2,6
11020225,3,6.2
11020225,4,5.2
11020225,5,7.2
11020225,6,5.8
11020225,7,7.4
11020225,8,6.3
11020225,9,5.1
11020225,10,6.2
11020225,13,7.2
11020225,14,2
11020231,1,2
11020231,2,2
11020231,3,3
11020231,4,2
11020231,5,4
11020231,6,3
11020231,7,2
11020231,8,3
11020231,9,1
11020231,10,3
11020231,11,3
11020231,12,2
11020231,13,3
11020231,14,1
11020231,15,3
11020231,16,3
11020231,17,3
11020231,19,3
11020231,20,2
11020231,21,4
11020231,22,2
11020231,23,3
11020231,24,3
11020231,25,2
11020231,26,4
11020231,27,1
11020231,28,3
11020231,29,3
11020231,30,1
11020231,32,3
11020231,33,4
11020231,40,2
11020231,48,2
11020231,49,3
11020231,52,5
11020231,60,2
11020231,63,2
11020231,66,1
11020231,67,2
11020233,1,6.8
11020233,2,6.8
11020233,3,6.2
11020233,5,8.3
11020233,6,7.7
11020233,7,6.2
11020233,8,5.5
11020233,9,5.5
11020233,10,7.3
11020233,11,6.3
11020233,12,6.5
11020233,13,6.8
11020233,14,6.25
11020233,16,6.9
11020233,19,7.2
11020233,20,8.5
11020233,21,7
11020233,22,6.2
11020233,23,6.5
11020233,25,8.5
11020233,26,8.2
11020233,32,6.8
11020424,1,3
11020424,2,5
11020424,3,4
11020424,4,3
11020424,5,3
11020424,6,3
11020424,7,3
11020424,8,4
11020424,9,4
11020424,10,3
11020424,11,4
11020424,12,4
11020424,13,4
11020424,14,5
11020424,15,4
11020424,16,2
11020424,17,4
11020424,19,3
11020424,20,2
11020424,21,2
11020424,22,3
11020424,23,2
11020424,24,4
11020424,25,2
11020424,26,2
11020424,27,2
11020424,28,4
11020424,29,3
11020424,30,2
11020424,32,4
11020424,33,2
11020424,45,3
11020424,47,1
11020424,49,2
11020424,52,3
11020424,61,2
11020424,62,1
11020424,63,3
11020424,66,2
11020424,68,2
11020240,1,2
11020240,2,2
11020240,3,2
11020240,4,2
11020240,5,1
11020240,6,3
11020240,7,1
11020240,8,1
11020240,9,1
11020240,10,3
11020240,11,3
11020240,12,2
11020240,13,3
11020240,14,2
11020240,15,4
11020240,16,4
11020240,17,3
11020240,19,2
11020240,20,2
11020240,21,4
11020240,22,2
11020240,23,3
11020240,24,3
11020240,25,2
11020240,26,4
11020240,27,3
11020240,28,2
11020240,29,3
11020240,30,1
11020240,32,4
11020240,33,1
11020240,45,1
11020240,48,2
11020240,52,3
11020240,56,3
11020240,62,1
11020240,63,3
11020240,66,2
11020240,67,2
11020238,1,5.1
11020238,2,5.1
11020238,3,5
11020238,4,7.1
11020238,5,7.9
11020238,6,5.7
11020238,7,5.2
11020238,8,5.7
11020238,10,6.5
11020238,11,6.7
11020238,12,5.3
11020238,13,5.3
11020238,16,6.5
11020238,19,7.1
11020238,21,8.4
11020238,26,7.9
11020238,32,7.9
11020245,1,4
11020245,2,4
11020245,3,4
11020245,4,3
11020245,5,3
11020245,6,5
11020245,7,4
11020245,8,4
11020245,9,5
11020245,10,5
11020245,11,5
11020245,13,4
11020245,16,5
11020245,17,5
11020245,19,4
11020245,21,5
11020245,23,4
11020245,26,4
11020245,32,4
11020245,63,4
11020248,1,3
11020248,2,3
11020248,3,2
11020248,4,2
11020248,5,1
11020248,6,2
11020248,7,2
11020248,8,3
11020248,9,1
11020248,10,2
11020248,11,3
11020248,12,2
11020248,13,3
11020248,14,2
11020248,15,2
11020248,16,3
11020248,17,3
11020248,19,2
11020248,20,2
11020248,21,3
11020248,22,2
11020248,23,3
11020248,24,4
11020248,25,1
11020248,26,2
11020248,27,1
11020248,28,3
11020248,29,2
11020248,30,1
11020248,32,3
11020248,33,4
11020248,45,3
11020248,49,1
11020248,52,2
11020248,56,3
11020248,61,1
11020248,62,3
11020248,63,3
11020248,66,2
11020248,68,2
11020263,1,3
11020263,2,3
11020263,3,3
11020263,4,3
11020263,5,3
11020263,6,2
11020263,7,3
11020263,8,3
11020263,9,4
11020263,10,5
11020263,11,5
11020263,12,5
11020263,13,3
11020263,16,4
11020263,17,4
11020263,19,4
11020263,20,3
11020263,21,5
11020263,22,5
11020263,23,5
11020263,24,4
11020263,25,3
11020263,26,4
11020263,27,3
11020263,28,3
11020263,29,3
11020263,30,2
11020263,32,5
11020263,33,5
11020263,49,5
11020263,52,4
11020263,56,3
11020263,62,3
11020263,63,4
11020263,66,1
11020514,1,2
11020514,2,2
11020514,3,4
11020514,4,3
11020514,5,2
11020514,6,3
11020514,7,3
11020514,8,3
11020514,9,3
11020514,10,3
11020514,11,3
11020514,12,3
11020514,13,3
11020514,14,2
11020514,15,4
11020514,16,2
11020514,17,4
11020514,19,4
11020514,20,3
11020514,21,4
11020514,22,4
11020514,23,2
11020514,24,3
11020514,25,3
11020514,26,4
11020514,27,2
11020514,28,3
11020514,29,2
11020514,30,4
11020514,32,3
11020514,33,3
11020514,40,5
11020514,45,4
11020514,46,3
11020514,52,2
11020514,56,3
11020514,58,3
11020514,61,2
11020514,63,3
11020514,66,2
11020514,68,2
11020284,1,2
11020284,2,2
11020284,3,3
11020284,4,3
11020284,5,3
11020284,6,3
11020284,7,3
11020284,8,4
11020284,9,3
11020284,10,3
11020284,11,4
11020284,12,5
11020284,13,3
11020284,14,4
11020284,15,3
11020284,16,4
11020284,17,3
11020284,19,2
11020284,20,3
11020284,21,2
11020284,22,2
11020284,23,3
11020284,24,2
11020284,25,2
11020284,26,2
11020284,27,2
11020284,28,3
11020284,29,2
11020284,30,2
11020284,32,1
11020284,33,4
11020284,40,3
11020284,45,2
11020284,47,3
11020284,52,1
11020284,58,2
11020284,63,3
11020284,66,2
11020284,67,5
11020289,1,2
11020289,2,2
11020289,3,3
11020289,4,3
11020289,5,3
11020289,6,2
11020289,7,3
11020289,8,3
11020289,9,3
11020289,10,3
11020289,11,4
11020289,12,2
11020289,13,3
11020289,14,2
11020289,15,1
11020289,16,4
11020289,17,2
11020289,19,1
11020289,20,2
11020289,21,2
11020289,22,2
11020289,23,2
11020289,24,2
11020289,25,1
11020289,26,3
11020289,27,3
11020289,28,3
11020289,29,3
11020289,30,1
11020289,32,1
11020289,33,2
11020289,40,2
11020289,45,2
11020289,48,3
11020289,52,2
11020289,62,2
11020289,63,2
11020289,66,2
11020289,67,5
11020430,1,2
11020430,2,2
11020430,3,3
11020430,4,3
11020430,5,4
11020430,6,4
11020430,7,2
11020430,8,4
11020430,9,2
11020430,10,3
11020430,11,3
11020430,12,3
11020430,13,4
11020430,14,2
11020430,15,3
11020430,16,3
11020430,17,4
11020430,19,2
11020430,20,4
11020430,21,3
11020430,22,2
11020430,23,5
11020430,24,4
11020430,25,3
11020430,26,4
11020430,27,4
11020430,28,4
11020430,29,2
11020430,30,2
11020430,32,2
11020430,33,2
11020430,45,3
11020430,49,4
11020430,52,5
11020430,56,5
11020430,58,4
11020430,61,2
11020430,62,3
11020430,63,3
11020430,66,1
11020430,68,3
11020518,1,4
11020518,2,4
11020518,3,3
11020518,4,3
11020518,5,3
11020518,6,2
11020518,7,2
11020518,8,3
11020518,9,2
11020518,10,3
11020518,11,4
11020518,12,5
11020518,13,3
11020518,14,4
11020518,15,2
11020518,16,4
11020518,17,3
11020518,19,3
11020518,20,3
11020518,21,2
11020518,22,3
11020518,23,2
11020518,24,2
11020518,25,2
11020518,26,4
11020518,27,2
11020518,28,3
11020518,29,3
11020518,30,1
11020518,32,1
11020518,33,3
11020518,40,3
11020518,45,1
11020518,48,2
11020518,52,1
11020518,62,1
11020518,63,3
11020518,66,1
11020518,67,2
11020298,1,4
11020298,2,4
11020298,3,4
11020298,4,2
11020298,5,3
11020298,6,2
11020298,7,3
11020298,8,4
11020298,9,2
11020298,10,3
11020298,11,4
11020298,12,4
11020298,13,3
11020298,14,4
11020298,15,2
11020298,16,1
11020298,17,3
11020298,19,3
11020298,20,2
11020298,21,2
11020298,22,2
11020298,23,2
11020298,24,2
11020298,25,2
11020298,26,2
11020298,27,2
11020298,28,4
11020298,29,3
11020298,30,2
11020298,32,4
11020298,33,3
11020298,40,2
11020298,45,2
11020298,48,3
11020298,52,1
11020298,62,2
11020298,63,3
11020298,66,1
11020298,67,2
11020441,1,3
11020441,2,2
11020441,3,3
11020441,4,2
11020441,5,4
11020441,6,4
11020441,7,4
11020441,8,4
11020441,9,5
11020441,10,3
11020441,11,4
11020441,12,3
11020441,13,3
11020441,14,5
11020441,15,4
11020441,16,4
11020441,17,4
11020441,19,3
11020441,20,4
11020441,21,3
11020441,22,3
11020441,23,5
11020441,24,4
11020441,25,3
11020441,26,2
11020441,27,3
11020441,28,4
11020441,29,4
11020441,30,4
11020441,31,2
11020441,32,4
11020441,33,3
11020441,40,5
11020441,45,3
11020441,48,3
11020441,52,5
11020441,61,2
11020441,62,3
11020441,63,3
11020441,66,5
11020441,68,5
11020318,1,4
11020318,2,4
11020318,3,2
11020318,4,2
11020318,5,2
11020318,6,4
11020318,7,3
11020318,8,4
11020318,9,5
11020318,10,5
11020318,11,1
11020318,12,5
11020318,13,4
11020318,14,1
11020318,15,2
11020318,16,3
11020318,17,4
11020318,19,4
11020318,20,3
11020318,21,3
11020318,22,3
11020318,23,4
11020318,24,4
11020318,25,4
11020318,26,4
11020318,27,3
11020318,28,3
11020318,29,4
11020318,30,4
11020318,32,4
11020318,33,4
11020318,40,2
11020318,45,2
11020318,49,1
11020318,61,2
11020318,62,2
11020318,63,4
11020318,66,1
11020318,68,1
11020331,1,3
11020331,2,3
11020331,3,4
11020331,4,3
11020331,5,3
11020331,6,3
11020331,7,4
11020331,8,4
11020331,9,2
11020331,10,3
11020331,11,1
11020331,12,3
11020331,13,3
11020331,14,2
11020331,15,2
11020331,16,3
11020331,17,3
11020331,19,3
11020331,20,3
11020331,21,2
11020331,22,3
11020331,23,2
11020331,24,1
11020331,25,2
11020331,26,3
11020331,27,2
11020331,28,3
11020331,29,2
11020331,30,3
11020331,32,2
11020331,33,2
11020331,40,2
11020331,45,2
11020331,48,3
11020331,52,2
11020331,62,2
11020331,63,3
11020331,66,1
11020331,67,2
11020333,1,3
11020333,2,3
11020333,3,3
11020333,4,3
11020333,5,2
11020333,6,3
11020333,7,2
11020333,8,3
11020333,9,3
11020333,10,3
11020333,11,2
11020333,12,3
11020333,13,3
11020333,14,4
11020333,15,4
11020333,16,2
11020333,17,4
11020333,19,2
11020333,20,3
11020333,21,3
11020333,22,2
11020333,23,3
11020333,24,4
11020333,25,2
11020333,26,4
11020333,27,2
11020333,28,3
11020333,29,3
11020333,30,2
11020333,32,1
11020333,33,3
11020333,40,2
11020333,45,3
11020333,52,1
11020333,58,2
11020333,61,2
11020333,62,3
11020333,63,4
11020333,66,2
11020333,68,2
11020333,78,2
11020339,1,3
11020339,2,3
11020339,3,4
11020339,4,4
11020339,5,3
11020339,6,3
11020339,7,3
11020339,8,4
11020339,9,2
11020339,10,4
11020339,11,2
11020339,12,1
11020339,13,2
11020339,14,5
11020339,15,1
11020339,16,3
11020339,17,4
11020339,19,4
11020339,20,3
11020339,21,3
11020339,22,2
11020339,23,3
11020339,24,4
11020339,25,3
11020339,26,2
11020339,27,1
11020339,28,4
11020339,29,3
11020339,30,2
11020339,32,2
11020339,33,3
11020339,40,3
11020339,45,3
11020339,47,4
11020339,52,4
11020339,58,1
11020339,63,3
11020339,66,1
11020339,67,1
11020345,1,3
11020345,2,3
11020345,3,3
11020345,4,2
11020345,5,2
11020345,6,4
11020345,7,1
11020345,8,5
11020345,9,4
11020345,10,5
11020345,11,3
11020345,12,3
11020345,13,4
11020345,14,4
11020345,15,3
11020345,16,2
11020345,17,3
11020345,19,2
11020345,20,4
11020345,21,2
11020345,22,3
11020345,23,4
11020345,24,3
11020345,25,4
11020345,26,4
11020345,27,2
11020345,28,3
11020345,29,3
11020345,30,2
11020345,32,2
11020345,33,3
11020345,40,2
11020345,45,2
11020345,47,3
11020345,52,1
11020345,58,1
11020345,63,3
11020345,66,1
11020345,67,2
11020349,1,3
11020349,2,3
11020349,3,3
11020349,4,3
11020349,5,3
11020349,6,3
11020349,7,3
11020349,8,3
11020349,9,2
11020349,10,4
11020349,11,3
11020349,12,3
11020349,13,3
11020349,14,4
11020349,15,3
11020349,16,2
11020349,17,2
11020349,19,2
11020349,20,4
11020349,21,2
11020349,22,2
11020349,23,1
11020349,24,2
11020349,25,1
11020349,26,3
11020349,27,1
11020349,28,5
11020349,29,4
11020349,30,2
11020349,32,2
11020349,33,3
11020349,48,4
11020349,52,4
11020349,56,5
11020349,58,2
11020349,60,3
11020349,63,2
11020349,66,2
11020349,67,2
11020354,1,3
11020354,2,3
11020354,3,3
11020354,4,2
11020354,5,2
11020354,6,1
11020354,7,3
11020354,8,4
11020354,9,3
11020354,10,2
11020354,11,2
11020354,12,3
11020354,13,4
11020354,14,3
11020354,15,3
11020354,16,2
11020354,17,2
11020354,19,4
11020354,20,2
11020354,21,2
11020354,22,3
11020354,23,3
11020354,24,3
11020354,25,2
11020354,26,1
11020354,27,1
11020354,28,3
11020354,29,1
11020354,30,2
11020354,32,4
11020354,33,4
11020354,45,3
11020354,48,3
11020354,52,5
11020354,56,3
11020354,62,4
11020354,63,3
11020354,66,1
11020354,67,1
11020356,1,2
11020356,2,2
11020356,3,3
11020356,4,2
11020356,5,4
11020356,6,3
11020356,7,2
11020356,8,4
11020356,9,2
11020356,10,3
11020356,11,2
11020356,12,2
11020356,13,2
11020356,14,3
11020356,15,2
11020356,16,1
11020356,17,3
11020356,19,2
11020356,20,2
11020356,21,3
11020356,22,2
11020356,23,2
11020356,24,2
11020356,25,2
11020356,26,4
11020356,27,2
11020356,28,3
11020356,29,3
11020356,30,3
11020356,32,2
11020356,33,3
11020356,40,2
11020356,45,1
11020356,48,2
11020356,52,1
11020356,61,2
11020356,62,2
11020356,63,2
11020356,66,2
11020356,68,1
11020359,1,3
11020359,2,3
11020359,3,3
11020359,4,3
11020359,5,3
11020359,6,2
11020359,7,2
11020359,8,3
11020359,9,2
11020359,10,3
11020359,11,1
11020359,12,3
11020359,13,4
11020359,14,2
11020359,15,2
11020359,16,1
11020359,17,3
11020359,19,2
11020359,20,3
11020359,21,3
11020359,22,1
11020359,23,2
11020359,24,2
11020359,25,2
11020359,26,3
11020359,27,1
11020359,28,3
11020359,29,4
11020359,30,3
11020359,32,1
11020359,33,2
11020359,51,2
11020359,52,3
11020359,53,3
11020359,62,2
11020359,63,2
11020359,66,1
11020359,67,1
11020359,78,3
11020436,1,3
11020436,2,3
11020436,3,4
11020436,4,2
11020436,5,3
11020436,6,3
11020436,7,3
11020436,8,4
11020436,9,3
11020436,10,2
11020436,11,3
11020436,12,3
11020436,13,3
11020436,14,2
11020436,15,3
11020436,16,4
11020436,17,2
11020436,19,4
11020436,20,4
11020436,21,1
11020436,22,3
11020436,23,4
11020436,24,3
11020436,25,2
11020436,26,4
11020436,27,3
11020436,28,3
11020436,29,4
11020436,30,2
11020436,32,2
11020436,33,1
11020436,45,2
11020436,48,3
11020436,52,1
11020436,56,3
11020436,58,3
11020436,61,2
11020436,63,3
11020436,66,5
11020436,67,2
11020363,1,4
11020363,2,4
11020363,3,4
11020363,4,5
11020363,5,2
11020363,6,3
11020363,7,3
11020363,8,4
11020363,9,5
11020363,10,5
11020363,11,5
11020363,12,5
11020363,13,3
11020363,14,1
11020363,15,3
11020363,16,4
11020363,17,4
11020363,19,3
11020363,20,5
11020363,21,2
11020363,22,4
11020363,23,3
11020363,24,3
11020363,25,3
11020363,26,4
11020363,27,4
11020363,28,5
11020363,29,5
11020363,30,2
11020363,32,3
11020363,33,4
11020363,45,2
11020363,49,5
11020363,52,1
11020363,58,5
11020363,60,5
11020363,61,2
11020363,62,5
11020363,63,4
11020363,66,5
11020363,68,5
11020374,1,4
11020374,2,4
11020374,3,3
11020374,4,3
11020374,5,4
11020374,6,5
11020374,7,2
11020374,8,1
11020374,9,4
11020374,10,5
11020374,11,4
11020374,12,3
11020374,13,5
11020374,14,4
11020374,15,4
11020374,17,5
11020374,21,5
11020374,22,5
11020374,24,5
11020374,25,5
11020374,26,5
11020374,28,5
11020374,29,5
11020374,30,5
11020374,32,4
11020374,33,5
11020374,63,5
11020378,1,2
11020378,2,2
11020378,3,3
11020378,4,3
11020378,5,3
11020378,6,3
11020378,7,3
11020378,8,3
11020378,9,2
11020378,10,1
11020378,11,3
11020378,12,3
11020378,13,2
11020378,14,2
11020378,15,4
11020378,16,4
11020378,17,4
11020378,19,4
11020378,20,3
11020378,21,2
11020378,22,3
11020378,23,3
11020378,24,4
11020378,25,3
11020378,26,3
11020378,27,2
11020378,28,4
11020378,29,2
11020378,30,3
11020378,32,1
11020378,33,3
11020378,40,2
11020378,45,2
11020378,52,1
11020378,58,1
11020378,62,2
11020378,63,3
11020378,66,1
11020378,67,2
11020373,1,2
11020373,2,2
11020373,3,3
11020373,4,4
11020373,5,2
11020373,6,2
11020373,7,3
11020373,8,3
11020373,9,3
11020373,10,4
11020373,11,3
11020373,12,1
11020373,13,3
11020373,14,4
11020373,15,3
11020373,16,3
11020373,17,4
11020373,19,4
11020373,20,4
11020373,21,3
11020373,22,3
11020373,23,3
11020373,24,2
11020373,25,2
11020373,26,4
11020373,27,3
11020373,28,2
11020373,29,3
11020373,30,2
11020373,32,4
11020373,33,3
11020373,40,2
11020373,52,4
11020373,53,2
11020373,56,4
11020373,58,4
11020373,61,1
11020373,63,3
11020373,66,2
11020373,68,3
11020393,1,5
11020393,2,5
11020393,3,5
11020393,4,2
11020393,5,2
11020393,6,2
11020393,7,3
11020393,8,4
11020393,9,3
11020393,10,3
11020393,11,2
11020393,12,3
11020393,13,3
11020393,14,4
11020393,15,2
11020393,16,4
11020393,17,3
11020393,19,2
11020393,20,4
11020393,21,1
11020393,22,5
11020393,23,2
11020393,24,5
11020393,25,5
11020393,26,3
11020393,27,1
11020393,28,5
11020393,29,3
11020393,30,4
11020393,31,5
11020393,32,3
11020393,33,3
11020393,47,1
11020393,49,5
11020393,52,2
11020393,56,4
11020393,58,1
11020393,61,2
11020393,63,3
11020393,66,1
11020393,68,3
11020396,1,3
11020396,2,3
11020396,3,3
11020396,4,3
11020396,5,1
11020396,6,3
11020396,7,3
11020396,8,3
11020396,9,4
11020396,10,4
11020396,11,3
11020396,12,3
11020396,13,1
11020396,14,4
11020396,15,3
11020396,16,4
11020396,17,4
11020396,19,3
11020396,20,2
11020396,21,1
11020396,22,3
11020396,23,3
11020396,24,4
11020396,25,1
11020396,26,3
11020396,27,2
11020396,28,3
11020396,29,1
11020396,30,5
11020396,32,4
11020396,33,3
11020396,40,3
11020396,49,2
11020396,52,1
11020396,58,4
11020396,60,4
11020396,61,2
11020396,63,3
11020396,66,5
11020396,68,3
11020398,1,3.1
11020398,2,3.1
11020398,3,6.7
11020398,5,6.9
11020398,6,6.8
11020398,7,6.2
11020398,8,4.9
11020398,9,4.9
11020398,10,6.3
11020398,11,6.5
11020398,12,6.2
11020398,13,7.4
11020398,14,5.6
11020398,21,7
11020398,23,6.2
11020398,26,5.6
11020407,1,2
11020407,2,2
11020407,3,3
11020407,4,3
11020407,5,3
11020407,6,4
11020407,7,4
11020407,8,3
11020407,9,3
11020407,10,4
11020407,11,1
11020407,12,4
11020407,13,3
11020407,14,2
11020407,15,3
11020407,16,5
11020407,17,3
11020407,19,4
11020407,20,5
11020407,21,3
11020407,22,2
11020407,23,4
11020407,24,4
11020407,25,2
11020407,26,4
11020407,27,4
11020407,29,4
11020407,30,2
11020407,31,2
11020407,32,4
11020407,33,3
11020407,40,5
11020407,47,5
11020407,48,5
11020407,52,1
11020407,56,4
11020407,58,1
11020407,63,4
11020407,66,5
11020407,68,2
11020061,15,1
11020061,17,2
11020061,24,2
11020061,33,1
11020061,52,2
11020061,67,2
11020337,17,1
11020337,21,3
11020337,24,3
11020337,33,3
11020337,52,1
11020337,67,1
11020402,17,2
11020402,21,2
11020402,24,4
11020402,33,3
11020402,52,3
11020402,67,1
11020016,1,3
11020016,2,3
11020016,3,3
11020016,4,2
11020016,5,2
11020016,6,1
11020016,7,4
11020016,8,4
11020016,9,3
11020016,10,3
11020016,11,1
11020016,12,4
11020016,13,4
11020016,14,2
11020016,15,3
11020016,16,2
11020016,17,2
11020016,19,2
11020016,20,3
11020016,21,1
11020016,22,1
11020016,23,4
11020016,24,2
11020016,25,2
11020016,26,2
11020016,27,3
11020016,28,2
11020016,29,2
11020016,30,3
11020016,32,4
11020016,33,3
11020016,42,3
11020016,47,1
11020016,49,2
11020016,52,4
11020016,56,5
11020016,62,2
11020016,63,1
11020016,66,2
11020016,67,1
11020025,1,3
11020025,2,3
11020025,3,1
11020025,4,3
11020025,5,2
11020025,6,2
11020025,7,3
11020025,8,4
11020025,9,3
11020025,10,3
11020025,11,3
11020025,12,5
11020025,13,4
11020025,14,3
11020025,15,4
11020025,16,5
11020025,17,3
11020025,19,4
11020025,20,5
11020025,21,4
11020025,22,1
11020025,23,4
11020025,24,4
11020025,25,3
11020025,26,4
11020025,27,4
11020025,28,5
11020025,29,4
11020025,30,3
11020025,32,2
11020025,33,3
11020025,45,4
11020025,49,3
11020025,52,5
11020025,53,4
11020025,56,5
11020025,60,5
11020025,61,2
11020025,63,3
11020025,66,5
11020025,68,5
11020035,1,3
11020035,2,3
11020035,3,2
11020035,4,2
11020035,5,2
11020035,6,1
11020035,7,4
11020035,8,4
11020035,9,3
11020035,10,2
11020035,11,2
11020035,12,5
11020035,13,4
11020035,14,3
11020035,15,2
11020035,16,3
11020035,17,2
11020035,19,2
11020035,20,2
11020035,21,4
11020035,22,1
11020035,23,4
11020035,24,2
11020035,25,3
11020035,26,2
11020035,27,2
11020035,28,3
11020035,29,2
11020035,30,2
11020035,32,2
11020035,33,3
11020035,40,2
11020035,45,2
11020035,49,4
11020035,52,3
11020035,60,3
11020035,63,2
11020035,66,1
11020035,67,1
11020048,1,3
11020048,2,3
11020048,3,2
11020048,4,4
11020048,5,2
11020048,6,3
11020048,7,4
11020048,8,5
11020048,9,2
11020048,10,1
11020048,11,4
11020048,12,3
11020048,13,3
11020048,14,3
11020048,15,3
11020048,16,3
11020048,17,2
11020048,19,1
11020048,20,3
11020048,21,2
11020048,22,3
11020048,23,3
11020048,24,3
11020048,25,2
11020048,26,2
11020048,27,3
11020048,28,3
11020048,29,4
11020048,30,3
11020048,32,1
11020048,33,3
11020048,47,2
11020048,49,2
11020048,52,3
11020048,56,3
11020048,58,2
11020048,60,2
11020048,63,2
11020048,66,2
11020048,68,1
11020058,1,2
11020058,2,2
11020058,3,2
11020058,4,2
11020058,5,1
11020058,6,1
11020058,7,2
11020058,8,2
11020058,9,3
11020058,10,2
11020058,11,1
11020058,12,2
11020058,13,4
11020058,14,3
11020058,15,4
11020058,16,1
11020058,17,3
11020058,19,3
11020058,20,3
11020058,21,2
11020058,22,2
11020058,23,3
11020058,24,3
11020058,25,2
11020058,26,1
11020058,27,2
11020058,28,3
11020058,29,2
11020058,30,3
11020058,32,5
11020058,33,4
11020058,42,3
11020058,45,5
11020058,46,4
11020058,49,4
11020058,52,3
11020058,56,5
11020058,58,3
11020058,60,3
11020058,63,2
11020058,66,1
11020058,67,5
11020062,1,2
11020062,2,2
11020062,3,3
11020062,4,2
11020062,5,1
11020062,6,1
11020062,7,2
11020062,8,3
11020062,9,3
11020062,10,3
11020062,11,4
11020062,12,4
11020062,13,2
11020062,14,3
11020062,15,2
11020062,16,1
11020062,17,3
11020062,19,2
11020062,20,1
11020062,21,1
11020062,22,2
11020062,23,4
11020062,24,3
11020062,25,2
11020062,26,4
11020062,27,1
11020062,28,2
11020062,29,3
11020062,30,2
11020062,32,2
11020062,33,3
11020062,40,2
11020062,45,2
11020062,48,3
11020062,49,4
11020062,52,3
11020062,63,2
11020062,66,1
11020062,67,2
11020068,1,2
11020068,2,3
11020068,3,2
11020068,4,5
11020068,5,2
11020068,6,2
11020068,7,2
11020068,8,3
11020068,10,3
11020068,11,2
11020068,12,4
11020068,13,3
11020068,14,4
11020068,15,3
11020068,16,5
11020068,17,3
11020068,19,3
11020068,20,5
11020068,21,1
11020068,22,3
11020068,23,4
11020068,24,2
11020068,25,5
11020068,26,3
11020068,27,3
11020068,28,4
11020068,29,1
11020068,30,5
11020068,31,5
11020068,32,4
11020068,33,5
11020068,52,3
11020068,53,5
11020068,56,5
11020068,58,5
11020068,63,2
11020070,1,3
11020070,2,3
11020070,3,4
11020070,5,5
11020070,6,4
11020070,7,2
11020070,8,2
11020070,9,3
11020070,10,5
11020070,11,5
11020070,12,5
11020070,13,5
11020070,17,5
11020070,21,4
11020070,24,5
11020070,26,5
11020070,32,5
11020070,33,5
11020070,49,5
11020070,53,5
11020070,62,5
11020072,1,3
11020072,2,3
11020072,3,4
11020072,4,2
11020072,5,3
11020072,6,3
11020072,7,3
11020072,8,3
11020072,9,4
11020072,10,3
11020072,11,2
11020072,12,3
11020072,13,4
11020072,14,2
11020072,15,3
11020072,16,2
11020072,17,4
11020072,19,3
11020072,20,4
11020072,21,3
11020072,22,2
11020072,23,2
11020072,24,3
11020072,25,3
11020072,26,4
11020072,27,1
11020072,28,4
11020072,29,2
11020072,30,2
11020072,32,1
11020072,33,2
11020072,49,2
11020072,52,2
11020072,56,3
11020072,58,2
11020072,61,2
11020072,63,3
11020072,66,1
11020072,67,1
11020072,78,2
11020080,1,4
11020080,2,4
11020080,3,2
11020080,4,3
11020080,5,2
11020080,6,2
11020080,7,2
11020080,8,4
11020080,9,2
11020080,10,1
11020080,11,1
11020080,12,3
11020080,13,3
11020080,14,3
11020080,15,2
11020080,16,4
11020080,17,1
11020080,19,1
11020080,20,4
11020080,21,4
11020080,22,1
11020080,23,3
11020080,24,2
11020080,25,3
11020080,26,4
11020080,27,2
11020080,28,5
11020080,29,3
11020080,30,3
11020080,32,5
11020080,33,3
11020080,49,3
11020080,52,2
11020080,56,3
11020080,58,3
11020080,63,2
11020080,66,2
11020080,67,5
11020080,78,2
11020094,1,6.2
11020094,2,6.2
11020094,3,7.6
11020094,4,7.5
11020094,5,5.2
11020094,6,6.6
11020094,7,7.5
11020094,8,6.5
11020094,9,5.3
11020094,10,8.3
11020094,11,6.4
11020094,12,9.7
11020094,13,6.2
11020094,14,7.65
11020094,16,7.5
11020094,19,7.1
11020094,20,7
11020094,21,5.5
11020094,22,7.9
11020094,23,5.2
11020094,25,8.6
11020094,26,7
11020094,32,8.8
11020104,1,2
11020104,2,2
11020104,3,3
11020104,4,3
11020104,5,3
11020104,6,3
11020104,7,2
11020104,8,3
11020104,9,4
11020104,10,1
11020104,11,1
11020104,12,1
11020104,13,3
11020104,14,3
11020104,15,2
11020104,16,4
11020104,17,2
11020104,19,3
11020104,20,2
11020104,21,3
11020104,22,2
11020104,23,4
11020104,24,4
11020104,25,1
11020104,26,1
11020104,27,2
11020104,28,3
11020104,29,4
11020104,30,2
11020104,32,1
11020104,33,4
11020104,40,4
11020104,45,4
11020104,48,2
11020104,52,4
11020104,53,3
11020104,63,2
11020104,66,1
11020104,67,2
11020511,1,4
11020511,2,3
11020511,3,2
11020511,4,3
11020511,5,3
11020511,6,4
11020511,7,2
11020511,8,2
11020511,9,2
11020511,10,3
11020511,11,3
11020511,12,4
11020511,13,1
11020511,14,3
11020511,15,2
11020511,16,4
11020511,17,4
11020511,19,4
11020511,20,4
11020511,21,2
11020511,22,4
11020511,23,3
11020511,24,2
11020511,25,2
11020511,26,4
11020511,27,2
11020511,28,3
11020511,29,4
11020511,30,2
11020511,32,4
11020511,33,3
11020511,47,1
11020511,48,2
11020511,52,1
11020511,56,4
11020511,58,4
11020511,59,2
11020511,60,4
11020511,63,3
11020511,66,1
11020511,68,2
11020114,1,3
11020114,2,3
11020114,3,2
11020114,4,2
11020114,5,2
11020114,6,3
11020114,7,3
11020114,8,3
11020114,9,1
11020114,10,3
11020114,11,2
11020114,12,3
11020114,13,2
11020114,14,3
11020114,15,4
11020114,16,4
11020114,17,1
11020114,19,4
11020114,20,3
11020114,21,4
11020114,22,1
11020114,23,3
11020114,24,3
11020114,25,4
11020114,26,3
11020114,27,3
11020114,28,4
11020114,29,3
11020114,30,2
11020114,32,3
11020114,33,3
11020114,49,3
11020114,52,1
11020114,56,2
11020114,58,3
11020114,60,4
11020114,61,1
11020114,63,4
11020114,66,1
11020114,67,1
11020120,1,4
11020120,2,4
11020120,3,3
11020120,4,3
11020120,5,2
11020120,6,1
11020120,7,4
11020120,8,4
11020120,9,3
11020120,10,3
11020120,11,4
11020120,12,2
11020120,13,3
11020120,14,2
11020120,15,4
11020120,16,2
11020120,17,3
11020120,19,2
11020120,20,3
11020120,21,3
11020120,22,3
11020120,23,2
11020120,24,4
11020120,25,2
11020120,26,1
11020120,27,2
11020120,28,3
11020120,29,2
11020120,30,3
11020120,31,5
11020120,32,2
11020120,33,1
11020120,49,4
11020120,52,4
11020120,53,3
11020120,56,4
11020120,58,1
11020120,63,2
11020120,66,2
11020120,67,5
11020118,1,4
11020118,2,4
11020118,3,4
11020118,4,2
11020118,5,2
11020118,6,4
11020118,7,3
11020118,8,4
11020118,9,3
11020118,10,2
11020118,11,2
11020118,12,4
11020118,13,4
11020118,14,4
11020118,15,5
11020118,16,5
11020118,17,5
11020118,19,4
11020118,20,5
11020118,21,4
11020118,22,4
11020118,23,5
11020118,24,5
11020118,25,5
11020118,26,5
11020118,27,5
11020118,29,5
11020118,30,3
11020118,31,5
11020118,32,5
11020118,33,5
11020118,52,5
11020118,63,5
11020118,66,5
11020122,1,3
11020122,2,3
11020122,3,2
11020122,4,2
11020122,5,2
11020122,6,3
11020122,7,2
11020122,8,4
11020122,9,2
11020122,10,2
11020122,11,3
11020122,12,3
11020122,13,4
11020122,14,1
11020122,15,4
11020122,16,4
11020122,17,3
11020122,19,2
11020122,20,2
11020122,21,4
11020122,22,4
11020122,23,4
11020122,24,3
11020122,25,3
11020122,26,2
11020122,27,2
11020122,28,3
11020122,29,1
11020122,30,4
11020122,32,3
11020122,33,4
11020122,52,1
11020122,53,3
11020122,58,1
11020122,61,1
11020122,62,3
11020122,63,3
11020122,66,2
11020122,68,3
11020122,78,2
11020127,1,3
11020127,2,4
11020127,3,3
11020127,4,2
11020127,5,2
11020127,6,2
11020127,7,4
11020127,8,4
11020127,9,3
11020127,10,4
11020127,11,2
11020127,12,2
11020127,13,3
11020127,14,4
11020127,15,3
11020127,16,3
11020127,17,4
11020127,19,4
11020127,20,3
11020127,21,3
11020127,22,3
11020127,23,4
11020127,24,4
11020127,25,3
11020127,26,3
11020127,27,2
11020127,28,3
11020127,29,3
11020127,30,3
11020127,31,2
11020127,32,3
11020127,33,3
11020127,45,3
11020127,49,2
11020127,52,4
11020127,61,2
11020127,62,3
11020127,63,2
11020127,66,5
11020127,68,3
11020133,1,3
11020133,2,3
11020133,3,3
11020133,4,3
11020133,5,2
11020133,6,3
11020133,7,2
11020133,8,3
11020133,9,4
11020133,10,1
11020133,11,2
11020133,12,3
11020133,13,2
11020133,14,2
11020133,15,3
11020133,16,2
11020133,17,3
11020133,19,3
11020133,20,1
11020133,21,1
11020133,22,2
11020133,23,3
11020133,24,2
11020133,25,2
11020133,26,3
11020133,27,2
11020133,28,2
11020133,29,2
11020133,30,1
11020133,32,4
11020133,33,4
11020133,48,1
11020133,52,2
11020133,53,2
11020133,60,2
11020133,61,1
11020133,63,2
11020133,66,1
11020133,67,1
11020145,1,3
11020145,2,3
11020145,3,2
11020145,4,3
11020145,5,2
11020145,6,2
11020145,7,2
11020145,8,3
11020145,9,3
11020145,10,5
11020145,11,4
11020145,12,4
11020145,13,3
11020145,14,4
11020145,15,4
11020145,16,3
11020145,17,4
11020145,19,5
11020145,20,3
11020145,21,2
11020145,22,4
11020145,23,4
11020145,24,4
11020145,25,3
11020145,26,2
11020145,27,3
11020145,28,3
11020145,29,4
11020145,30,3
11020145,32,3
11020145,33,5
11020145,47,1
11020145,48,3
11020145,52,4
11020145,53,4
11020145,58,4
11020145,63,2
11020145,66,2
11020145,68,2
11020137,1,2
11020137,2,2
11020137,3,2
11020137,4,2
11020137,5,2
11020137,6,3
11020137,7,4
11020137,8,4
11020137,9,2
11020137,10,1
11020137,11,2
11020137,12,3
11020137,13,3
11020137,14,3
11020137,15,3
11020137,16,3
11020137,17,2
11020137,19,3
11020137,20,3
11020137,21,3
11020137,22,1
11020137,23,3
11020137,24,2
11020137,25,2
11020137,26,3
11020137,27,2
11020137,28,3
11020137,29,2
11020137,30,3
11020137,32,2
11020137,33,3
11020137,40,2
11020137,45,2
11020137,49,3
11020137,52,2
11020137,56,3
11020137,63,2
11020137,66,2
11020137,67,2
11020141,1,2
11020141,2,2
11020141,3,3
11020141,4,2
11020141,5,2
11020141,6,2
11020141,7,2
11020141,8,3
11020141,9,3
11020141,10,3
11020141,11,3
11020141,12,3
11020141,13,3
11020141,14,4
11020141,15,1
11020141,16,3
11020141,17,2
11020141,19,1
11020141,20,1
11020141,21,1
11020141,22,1
11020141,23,2
11020141,24,2
11020141,25,1
11020141,26,2
11020141,27,2
11020141,28,4
11020141,29,3
11020141,30,2
11020141,32,3
11020141,33,2
11020141,45,2
11020141,48,3
11020141,49,3
11020141,52,4
11020141,60,5
11020141,61,1
11020141,62,1
11020141,63,2
11020141,66,2
11020141,68,3
11020157,1,3
11020157,2,3
11020157,3,4
11020157,4,3
11020157,5,4
11020157,6,3
11020157,7,3
11020157,8,4
11020157,9,3
11020157,10,5
11020157,11,4
11020157,12,3
11020157,13,4
11020157,14,3
11020157,15,3
11020157,16,4
11020157,17,5
11020157,19,4
11020157,21,4
11020157,22,2
11020157,24,4
11020157,25,5
11020157,26,3
11020157,27,4
11020157,28,3
11020157,29,4
11020157,30,3
11020157,32,4
11020157,33,4
11020157,45,4
11020157,48,2
11020157,49,4
11020157,52,2
11020157,56,4
11020157,61,1
11020157,63,3
11020157,66,2
11020157,68,2
11020160,1,3
11020160,2,3
11020160,3,3
11020160,4,2
11020160,5,3
11020160,6,1
11020160,7,3
11020160,8,4
11020160,9,3
11020160,10,3
11020160,11,4
11020160,12,4
11020160,13,4
11020160,14,3
11020160,15,2
11020160,16,2
11020160,17,3
11020160,19,3
11020160,20,2
11020160,21,2
11020160,22,2
11020160,23,4
11020160,24,2
11020160,25,3
11020160,26,3
11020160,27,3
11020160,28,3
11020160,29,4
11020160,30,3
11020160,32,4
11020160,33,3
11020160,40,2
11020160,45,3
11020160,52,3
11020160,58,1
11020160,63,3
11020160,66,1
11020160,67,1
11020160,78,2
11020171,1,3
11020171,2,3
11020171,3,3
11020171,4,2
11020171,5,1
11020171,6,3
11020171,7,4
11020171,8,3
11020171,9,2
11020171,10,5
11020171,11,2
11020171,12,2
11020171,13,3
11020171,14,1
11020171,15,3
11020171,16,4
11020171,17,3
11020171,19,2
11020171,20,2
11020171,21,3
11020171,22,2
11020171,23,4
11020171,24,4
11020171,25,3
11020171,26,2
11020171,27,2
11020171,28,3
11020171,29,2
11020171,30,1
11020171,32,3
11020171,33,3
11020171,45,2
11020171,48,2
11020171,49,2
11020171,52,1
11020171,58,3
11020171,60,2
11020171,63,3
11020171,66,1
11020171,68,1
11020175,1,2
11020175,2,2
11020175,3,3
11020175,4,2
11020175,5,2
11020175,6,2
11020175,7,2
11020175,8,4
11020175,9,4
11020175,10,3
11020175,11,4
11020175,12,3
11020175,13,3
11020175,14,3
11020175,15,2
11020175,16,3
11020175,17,3
11020175,19,4
11020175,20,3
11020175,21,1
11020175,22,1
11020175,23,1
11020175,24,2
11020175,25,1
11020175,26,3
11020175,27,2
11020175,28,2
11020175,29,2
11020175,30,2
11020175,32,2
11020175,33,2
11020175,45,2
11020175,48,1
11020175,49,2
11020175,52,4
11020175,62,3
11020175,63,1
11020175,66,1
11020175,67,1
11020175,70,3
11020182,1,3
11020182,2,3
11020182,3,4
11020182,4,4
11020182,5,4
11020182,6,3
11020182,7,2
11020182,8,3
11020182,9,3
11020182,10,3
11020182,11,2
11020182,12,2
11020182,13,3
11020182,14,4
11020182,15,2
11020182,16,3
11020182,17,4
11020182,19,5
11020182,20,2
11020182,21,2
11020182,22,5
11020182,23,5
11020182,24,3
11020182,25,2
11020182,26,2
11020182,27,3
11020182,28,3
11020182,29,5
11020182,30,3
11020182,31,3
11020182,32,4
11020182,33,4
11020182,40,3
11020182,48,3
11020182,49,2
11020182,56,3
11020182,63,3
11020182,66,5
11020192,1,3
11020192,2,3
11020192,3,2
11020192,4,3
11020192,5,2
11020192,6,1
11020192,7,2
11020192,8,4
11020192,9,4
11020192,10,1
11020192,11,3
11020192,12,3
11020192,13,2
11020192,14,3
11020192,15,3
11020192,16,4
11020192,17,3
11020192,19,2
11020192,20,4
11020192,21,2
11020192,22,2
11020192,23,3
11020192,24,2
11020192,25,2
11020192,26,2
11020192,27,2
11020192,28,3
11020192,29,2
11020192,30,2
11020192,32,1
11020192,33,2
11020192,40,1
11020192,45,2
11020192,48,2
11020192,49,2
11020192,52,3
11020192,63,3
11020192,66,1
11020192,67,1
11020221,1,3
11020221,2,3
11020221,3,3
11020221,4,2
11020221,5,1
11020221,6,2
11020221,7,2
11020221,8,4
11020221,9,4
11020221,10,2
11020221,11,1
11020221,12,4
11020221,13,3
11020221,14,3
11020221,15,4
11020221,16,3
11020221,17,4
11020221,19,3
11020221,20,3
11020221,21,1
11020221,22,1
11020221,23,3
11020221,24,2
11020221,25,3
11020221,26,2
11020221,27,1
11020221,28,3
11020221,29,4
11020221,30,2
11020221,32,1
11020221,33,3
11020221,48,2
11020221,49,3
11020221,52,1
11020221,60,4
11020221,63,2
11020221,66,2
11020221,67,1
11020221,78,2
11020227,1,2
11020227,2,2
11020227,3,2
11020227,4,2
11020227,5,1
11020227,6,1
11020227,7,2
11020227,8,4
11020227,9,3
11020227,10,2
11020227,11,1
11020227,12,1
11020227,13,3
11020227,14,3
11020227,15,4
11020227,16,1
11020227,17,4
11020227,19,3
11020227,20,2
11020227,21,4
11020227,22,1
11020227,23,4
11020227,24,5
11020227,25,4
11020227,26,2
11020227,27,2
11020227,28,3
11020227,29,4
11020227,30,3
11020227,32,2
11020227,33,4
11020227,48,2
11020227,51,3
11020227,52,2
11020227,58,3
11020227,62,5
11020227,63,3
11020227,64,5
11020227,66,1
11020227,67,5
11020229,1,3
11020229,2,3
11020229,3,5
11020229,4,4
11020229,5,3
11020229,6,2
11020229,7,3
11020229,8,4
11020229,10,3
11020229,11,2
11020229,12,4
11020229,13,3
11020229,14,4
11020229,15,4
11020229,16,3
11020229,17,3
11020229,19,5
11020229,20,3
11020229,21,4
11020229,22,2
11020229,23,4
11020229,24,5
11020229,25,3
11020229,26,4
11020229,28,5
11020229,29,5
11020229,30,5
11020229,32,3
11020229,33,5
11020229,42,5
11020229,47,5
11020229,51,5
11020229,52,5
11020229,53,5
11020229,56,5
11020229,63,3
11020229,66,5
11020422,1,3
11020422,2,3
11020422,3,3
11020422,4,2
11020422,5,3
11020422,6,2
11020422,7,3
11020422,8,4
11020422,9,4
11020422,10,2
11020422,11,2
11020422,12,4
11020422,13,4
11020422,14,4
11020422,15,3
11020422,16,3
11020422,17,3
11020422,19,3
11020422,20,3
11020422,21,4
11020422,22,5
11020422,23,4
11020422,24,3
11020422,25,3
11020422,26,4
11020422,27,1
11020422,28,3
11020422,29,3
11020422,30,1
11020422,32,1
11020422,33,1
11020422,40,3
11020422,48,2
11020422,49,3
11020422,52,1
11020422,56,4
11020422,63,2
11020422,66,1
11020422,67,2
11020235,1,4
11020235,2,4
11020235,3,4
11020235,4,5
11020235,5,2
11020235,6,2
11020235,7,3
11020235,8,4
11020235,9,2
11020235,10,2
11020235,11,3
11020235,12,2
11020235,13,3
11020235,14,4
11020235,15,4
11020235,16,3
11020235,17,3
11020235,19,3
11020235,20,4
11020235,21,2
11020235,22,3
11020235,23,5
11020235,24,4
11020235,25,3
11020235,26,4
11020235,27,3
11020235,28,3
11020235,29,3
11020235,30,2
11020235,32,5
11020235,33,4
11020235,45,4
11020235,56,5
11020235,61,3
11020235,62,5
11020235,63,3
11020235,66,1
11020235,67,5
11020239,1,4
11020239,2,4
11020239,3,3
11020239,4,2
11020239,5,2
11020239,6,4
11020239,7,2
11020239,8,4
11020239,9,4
11020239,10,3
11020239,11,2
11020239,12,3
11020239,13,2
11020239,14,3
11020239,15,1
11020239,16,3
11020239,17,3
11020239,19,2
11020239,20,3
11020239,21,1
11020239,22,1
11020239,23,4
11020239,24,3
11020239,25,3
11020239,26,4
11020239,27,3
11020239,28,3
11020239,29,4
11020239,30,3
11020239,32,3
11020239,33,4
11020239,47,2
11020239,48,2
11020239,52,1
11020239,58,3
11020239,61,1
11020239,63,3
11020239,66,2
11020239,68,3
11020239,78,3
11020244,1,3
11020244,2,3
11020244,3,3
11020244,4,4
11020244,5,5
11020244,6,4
11020244,7,2
11020244,8,2
11020244,9,3
11020244,10,3
11020244,11,4
11020244,12,3
11020244,13,4
11020244,14,2
11020244,15,4
11020244,16,3
11020244,17,3
11020244,19,3
11020244,20,3
11020244,21,4
11020244,22,3
11020244,23,1
11020244,24,2
11020244,25,5
11020244,26,4
11020244,27,3
11020244,28,3
11020244,29,4
11020244,30,3
11020244,32,2
11020244,33,2
11020244,45,2
11020244,49,1
11020244,52,1
11020244,56,5
11020244,60,2
11020244,61,1
11020244,63,3
11020244,66,1
11020244,78,2
11020246,1,2
11020246,2,2
11020246,3,3
11020246,4,2
11020246,5,1
11020246,6,3
11020246,7,3
11020246,8,4
11020246,9,5
11020246,10,1
11020246,11,1
11020246,12,1
11020246,13,1
11020246,14,1
11020246,15,4
11020246,16,4
11020246,17,3
11020246,19,1
11020246,20,5
11020246,21,2
11020246,22,2
11020246,23,5
11020246,24,2
11020246,25,5
11020246,26,2
11020246,27,5
11020246,28,5
11020246,29,5
11020246,30,3
11020246,31,5
11020246,32,2
11020246,33,1
11020246,40,5
11020246,46,5
11020246,47,1
11020246,48,4
11020246,52,2
11020246,56,5
11020246,60,2
11020246,62,5
11020246,63,3
11020246,66,5
11020246,68,2
11020269,1,4
11020269,2,4
11020269,3,4
11020269,4,4
11020269,5,2
11020269,6,3
11020269,7,2
11020269,8,3
11020269,9,4
11020269,10,5
11020269,11,3
11020269,12,4
11020269,13,3
11020269,14,2
11020269,15,3
11020269,16,3
11020269,17,4
11020269,19,1
11020269,20,2
11020269,21,2
11020269,22,3
11020269,23,2
11020269,24,4
11020269,25,3
11020269,26,1
11020269,27,3
11020269,28,4
11020269,29,3
11020269,30,2
11020269,32,4
11020269,33,3
11020269,40,3
11020269,46,5
11020269,48,1
11020269,49,5
11020269,52,3
11020269,58,1
11020269,61,2
11020269,62,1
11020269,63,3
11020269,66,2
11020269,68,1
11020272,1,3
11020272,2,3
11020272,3,3
11020272,4,3
11020272,5,2
11020272,6,4
11020272,7,3
11020272,8,3
11020272,9,3
11020272,10,2
11020272,11,2
11020272,12,3
11020272,13,3
11020272,14,3
11020272,15,1
11020272,16,2
11020272,17,4
11020272,19,3
11020272,20,3
11020272,21,4
11020272,22,2
11020272,23,3
11020272,24,2
11020272,25,2
11020272,26,4
11020272,27,2
11020272,28,4
11020272,29,1
11020272,30,2
11020272,32,4
11020272,33,4
11020272,45,1
11020272,47,2
11020272,52,4
11020272,58,1
11020272,63,3
11020272,66,2
11020272,67,1
11020272,78,2
11020274,1,3
11020274,2,5
11020274,3,4
11020274,5,1
11020274,6,1
11020274,7,2
11020274,8,3
11020274,9,3
11020274,10,3
11020274,11,3
11020274,12,3
11020274,13,1
11020274,14,3
11020274,15,3
11020274,16,2
11020274,17,3
11020274,19,2
11020274,20,2
11020274,21,4
11020274,22,2
11020274,23,3
11020274,24,3
11020274,25,3
11020274,26,2
11020274,27,3
11020274,28,3
11020274,29,3
11020274,30,2
11020274,32,2
11020274,33,4
11020274,45,4
11020274,52,5
11020274,53,5
11020274,58,3
11020274,63,2
11020274,66,5
11020274,68,5
11020276,1,2
11020276,2,2
11020276,3,3
11020276,4,2
11020276,5,3
11020276,6,3
11020276,7,3
11020276,8,3
11020276,9,3
11020276,10,4
11020276,11,1
11020276,12,3
11020276,13,3
11020276,14,1
11020276,15,2
11020276,16,3
11020276,17,4
11020276,19,3
11020276,20,5
11020276,21,1
11020276,22,2
11020276,23,3
11020276,24,3
11020276,25,2
11020276,26,4
11020276,27,2
11020276,28,3
11020276,29,3
11020276,30,3
11020276,31,5
11020276,32,2
11020276,33,4
11020276,48,2
11020276,49,3
11020276,52,1
11020276,53,4
11020276,56,5
11020276,58,1
11020276,61,1
11020276,63,3
11020276,66,2
11020276,68,1
11020285,1,8.5
11020285,2,8.5
11020285,3,6.5
11020285,4,6.4
11020285,5,8
11020285,6,8.6
11020285,7,6.9
11020285,8,10
11020285,10,9.3
11020285,11,7.5
11020285,12,7.1
11020285,13,5.8
11020285,14,5.85
11020285,16,8.1
11020285,19,8
11020285,20,7.4
11020285,21,7.9
11020285,22,8.8
11020285,23,4.2
11020285,25,6.7
11020285,26,8.4
11020285,32,8.8
11020304,1,3
11020304,2,3
11020304,3,3
11020304,4,4
11020304,5,2
11020304,6,3
11020304,7,4
11020304,8,3
11020304,9,4
11020304,10,1
11020304,11,2
11020304,12,3
11020304,13,4
11020304,14,1
11020304,15,2
11020304,16,3
11020304,17,2
11020304,19,2
11020304,20,4
11020304,21,2
11020304,22,2
11020304,23,3
11020304,24,3
11020304,25,4
11020304,26,4
11020304,27,3
11020304,28,3
11020304,29,4
11020304,30,5
11020304,32,2
11020304,33,3
11020304,45,2
11020304,49,4
11020304,52,1
11020304,56,3
11020304,58,1
11020304,63,4
11020304,66,1
11020304,67,2
11020304,78,2
11020516,1,3
11020516,2,3
11020516,3,4
11020516,4,3
11020516,5,2
11020516,6,4
11020516,7,3
11020516,8,4
11020516,9,4
11020516,10,3
11020516,11,5
11020516,12,5
11020516,13,4
11020516,14,3
11020516,16,4
11020516,17,3
11020516,19,4
11020516,20,4
11020516,21,2
11020516,22,4
11020516,23,3
11020516,24,4
11020516,25,2
11020516,26,5
11020516,27,4
11020516,28,4
11020516,29,5
11020516,30,3
11020516,31,2
11020516,32,5
11020516,33,3
11020516,45,3
11020516,52,4
11020516,58,4
11020516,62,5
11020516,63,4
11020516,66,2
11020519,1,3
11020519,2,3
11020519,3,4
11020519,4,3
11020519,5,3
11020519,6,5
11020519,7,4
11020519,8,4
11020519,10,4
11020519,11,4
11020519,12,5
11020519,13,5
11020519,15,5
11020519,17,5
11020519,26,5
11020519,33,5
11020519,63,5
11020316,1,3
11020316,2,3
11020316,3,3
11020316,4,3
11020316,5,4
11020316,6,2
11020316,7,3
11020316,8,3
11020316,9,1
11020316,10,2
11020316,11,3
11020316,12,2
11020316,13,3
11020316,14,3
11020316,15,2
11020316,16,3
11020316,17,3
11020316,19,2
11020316,20,2
11020316,21,4
11020316,22,3
11020316,23,3
11020316,24,3
11020316,25,2
11020316,26,3
11020316,27,3
11020316,28,4
11020316,29,2
11020316,30,3
11020316,32,1
11020316,33,3
11020316,40,3
11020316,45,1
11020316,52,3
11020316,62,2
11020316,63,2
11020316,66,2
11020316,67,1
11020316,78,2
11020327,1,3
11020327,2,3
11020327,3,3
11020327,4,2
11020327,5,2
11020327,6,2
11020327,7,3
11020327,8,4
11020327,9,3
11020327,10,2
11020327,11,1
11020327,12,2
11020327,13,4
11020327,14,3
11020327,15,1
11020327,16,1
11020327,17,3
11020327,19,4
11020327,20,1
11020327,21,1
11020327,22,2
11020327,23,3
11020327,24,3
11020327,25,2
11020327,26,2
11020327,27,1
11020327,28,3
11020327,29,3
11020327,30,2
11020327,32,2
11020327,33,4
11020327,40,2
11020327,45,2
11020327,49,2
11020327,52,3
11020327,63,3
11020327,66,1
11020327,67,1
11020327,78,2
11020520,1,3
11020520,2,3
11020520,3,3
11020520,4,2
11020520,5,3
11020520,6,4
11020520,7,4
11020520,8,4
11020520,9,5
11020520,10,5
11020520,11,4
11020520,12,4
11020520,13,3
11020520,14,3
11020520,16,5
11020520,17,2
11020520,19,5
11020520,20,5
11020520,21,4
11020520,22,4
11020520,23,5
11020520,24,4
11020520,25,4
11020520,26,4
11020520,27,4
11020520,29,5
11020520,30,5
11020520,32,5
11020520,33,4
11020520,40,4
11020520,45,3
11020520,58,5
11020520,63,5
11020334,1,3
11020334,2,3
11020334,3,4
11020334,4,2
11020334,5,1
11020334,6,1
11020334,7,3
11020334,8,3
11020334,9,1
11020334,10,2
11020334,11,2
11020334,12,3
11020334,13,4
11020334,14,1
11020334,15,2
11020334,16,2
11020334,17,3
11020334,19,3
11020334,20,3
11020334,21,3
11020334,22,2
11020334,23,3
11020334,24,3
11020334,25,1
11020334,26,2
11020334,27,2
11020334,28,3
11020334,29,3
11020334,30,2
11020334,31,2
11020334,32,3
11020334,33,3
11020334,46,3
11020334,48,2
11020334,49,4
11020334,52,4
11020334,56,5
11020334,58,1
11020334,63,3
11020334,66,2
11020334,67,2
11020434,1,3
11020434,2,3
11020434,5,7.3
11020434,7,7.3
11020434,8,4.9
11020434,11,9.4
11020434,13,5.8
11020434,26,7
11020435,1,4
11020435,2,4
11020435,3,3
11020435,5,1
11020435,6,1
11020435,7,3
11020435,8,3
11020435,10,2
11020435,11,1
11020435,12,4
11020435,13,3
11020435,14,5
11020435,15,4
11020435,16,2
11020435,17,3
11020435,19,5
11020435,20,2
11020435,21,2
11020435,22,3
11020435,23,3
11020435,24,5
11020435,25,3
11020435,26,3
11020435,27,3
11020435,28,3
11020435,29,5
11020435,30,5
11020435,32,3
11020435,33,4
11020435,40,4
11020435,49,4
11020435,52,5
11020435,56,5
11020435,60,3
11020435,63,3
11020435,66,5
11020435,68,5
11020361,5,6.6
11020361,6,5.2
11020361,7,5.9
11020361,8,5.8
11020361,10,6.4
11020361,11,6.5
11020361,12,4.9
11020361,13,6.1
11020361,26,7.1
11020364,1,3
11020364,2,3
11020364,3,3
11020364,4,2
11020364,5,2
11020364,6,4
11020364,7,3
11020364,8,4
11020364,9,4
11020364,10,3
11020364,11,4
11020364,12,5
11020364,13,4
11020364,14,4
11020364,16,5
11020364,17,5
11020364,19,5
11020364,20,5
11020364,21,3
11020364,22,3
11020364,23,4
11020364,24,5
11020364,25,4
11020364,26,3
11020364,28,5
11020364,29,5
11020364,30,2
11020364,33,5
11020364,48,5
11020364,63,5
11020364,66,5
11020371,5,6.4
11020371,7,6.4
11020371,8,6.3
11020371,9,6.3
11020376,1,2
11020376,2,2
11020376,3,2
11020376,4,2
11020376,5,2
11020376,6,3
11020376,7,2
11020376,8,2
11020376,9,3
11020376,10,3
11020376,11,3
11020376,12,3
11020376,13,4
11020376,14,3
11020376,15,2
11020376,16,4
11020376,17,3
11020376,19,3
11020376,20,3
11020376,21,4
11020376,22,2
11020376,23,4
11020376,24,3
11020376,25,2
11020376,26,2
11020376,27,1
11020376,28,3
11020376,29,4
11020376,30,1
11020376,32,4
11020376,33,4
11020376,45,1
11020376,48,2
11020376,49,3
11020376,52,1
11020376,61,2
11020376,63,3
11020376,66,2
11020376,68,3
11020376,78,2
11020379,1,3
11020379,2,4
11020379,3,4
11020379,4,3
11020379,5,1
11020379,6,1
11020379,7,2
11020379,8,2
11020379,9,3
11020379,10,3
11020379,11,3
11020379,12,4
11020379,13,4
11020379,14,4
11020379,15,3
11020379,16,3
11020379,17,3
11020379,19,4
11020379,20,4
11020379,21,3
11020379,22,1
11020379,23,1
11020379,24,3
11020379,25,3
11020379,26,4
11020379,27,2
11020379,28,3
11020379,29,4
11020379,30,2
11020379,32,3
11020379,33,4
11020379,47,1
11020379,48,2
11020379,49,3
11020379,52,1
11020379,56,3
11020379,60,3
11020379,63,3
11020379,66,2
11020379,68,5
11020387,1,2
11020387,2,2
11020387,3,4
11020387,4,4
11020387,5,2
11020387,6,3
11020387,7,4
11020387,8,3
11020387,9,3
11020387,10,3
11020387,11,4
11020387,12,3
11020387,13,2
11020387,14,4
11020387,15,3
11020387,16,2
11020387,17,3
11020387,19,4
11020387,20,2
11020387,21,2
11020387,22,2
11020387,23,3
11020387,24,4
11020387,25,2
11020387,26,2
11020387,27,1
11020387,28,5
11020387,29,4
11020387,30,2
11020387,32,3
11020387,33,3
11020387,40,4
11020387,45,3
11020387,47,2
11020387,52,5
11020387,60,3
11020387,63,3
11020387,66,1
11020387,68,3
11020387,78,2
11020389,1,3
11020389,2,3
11020389,3,5
11020389,4,3
11020389,5,4
11020389,6,4
11020389,7,2
11020389,8,2
11020389,9,3
11020389,10,4
11020389,11,3
11020389,12,5
11020389,13,3
11020389,14,2
11020389,15,2
11020389,16,2
11020389,17,4
11020389,19,4
11020389,20,5
11020389,21,3
11020389,22,3
11020389,24,4
11020389,25,4
11020389,26,3
11020389,27,4
11020389,28,4
11020389,29,5
11020389,30,5
11020389,32,4
11020389,33,2
11020389,49,4
11020389,52,4
11020389,56,5
11020389,58,3
11020389,61,2
11020389,62,4
11020389,63,4
11020389,66,2
11020389,68,5
11020394,5,3
11020394,6,3
11020394,7,4
11020394,8,4
11020394,9,4
11020394,10,3
11020394,11,4
11020394,12,5
11020394,13,4
11020394,14,5
11020394,16,4
11020394,17,5
11020394,19,2
11020394,20,5
11020394,21,5
11020394,26,2
11020405,1,3
11020405,2,3
11020405,3,4
11020405,4,3
11020405,5,2
11020405,6,1
11020405,7,4
11020405,8,4
11020405,9,3
11020405,10,2
11020405,11,2
11020405,12,4
11020405,13,4
11020405,14,3
11020405,15,3
11020405,16,2
11020405,17,2
11020405,19,3
11020405,20,2
11020405,21,2
11020405,22,1
11020405,23,3
11020405,24,3
11020405,25,1
11020405,26,3
11020405,27,2
11020405,28,3
11020405,29,3
11020405,30,3
11020405,32,4
11020405,33,3
11020405,40,2
11020405,45,2
11020405,48,2
11020405,49,2
11020405,52,1
11020405,63,4
11020405,66,2
11020405,67,2
11020043,3,3
11020043,9,4
11020043,15,3
11020043,17,3
11020043,20,2
11020043,24,2
11020043,33,2
11020043,61,1
11020043,67,2
11020064,4,3
11020064,14,2
11020064,15,4
11020064,16,3
11020064,17,3
11020064,24,4
11020064,33,5
11020064,52,4
11020064,53,5
11020064,56,3
11020064,67,5
11020115,14,2
11020115,15,2
11020115,17,2
11020115,24,3
11020115,33,4
11020115,58,1
11020115,60,2
11020115,67,1
11020154,14,1
11020154,15,2
11020154,17,3
11020154,24,4
11020154,52,3
11020154,53,2
11020154,58,1
11020154,61,1
11020154,67,1
11020167,4,2
11020167,14,1
11020167,15,2
11020167,17,4
11020167,24,3
11020167,52,3
11020167,58,3
11020167,67,1
11020167,71,1
11020425,4,2
11020425,15,3
11020425,17,5
11020425,24,3
11020425,29,2
11020425,33,3
11020425,52,3
11020425,61,1
11020425,67,1
11020321,3,3
11020321,15,3
11020321,17,3
11020321,24,4
11020321,29,5
11020321,31,5
11020321,33,4
11020321,42,2
11020321,67,5
11020007,1,3
11020007,2,3
11020007,3,3
11020007,4,2
11020007,5,1
11020007,6,3
11020007,7,1
11020007,8,1
11020007,9,1
11020007,10,3
11020007,11,4
11020007,12,3
11020007,13,3
11020007,14,3
11020007,15,3
11020007,16,4
11020007,17,3
11020007,19,3
11020007,20,2
11020007,21,2
11020007,22,2
11020007,23,3
11020007,24,3
11020007,25,2
11020007,26,3
11020007,27,3
11020007,28,3
11020007,29,2
11020007,30,2
11020007,32,4
11020007,33,4
11020007,40,4
11020007,45,3
11020007,49,3
11020007,52,3
11020007,56,4
11020007,58,1
11020007,63,3
11020007,66,1
11020007,67,1
11020008,1,2
11020008,2,2
11020008,3,3
11020008,4,3
11020008,5,2
11020008,6,2
11020008,7,4
11020008,8,4
11020008,9,4
11020008,10,4
11020008,11,3
11020008,12,4
11020008,13,3
11020008,14,3
11020008,15,3
11020008,16,4
11020008,17,4
11020008,19,4
11020008,20,3
11020008,21,3
11020008,22,2
11020008,23,4
11020008,24,3
11020008,25,2
11020008,26,2
11020008,27,3
11020008,28,3
11020008,29,4
11020008,30,3
11020008,32,5
11020008,33,4
11020008,40,3
11020008,45,3
11020008,49,4
11020008,52,2
11020008,56,4
11020008,61,1
11020008,63,3
11020008,66,2
11020008,68,2
11020010,1,3
11020010,2,3
11020010,3,3
11020010,4,3
11020010,5,1
11020010,6,4
11020010,7,2
11020010,8,3
11020010,9,3
11020010,10,3
11020010,11,3
11020010,12,2
11020010,13,4
11020010,14,4
11020010,15,3
11020010,16,4
11020010,17,3
11020010,19,2
11020010,20,3
11020010,21,4
11020010,22,3
11020010,23,2
11020010,24,2
11020010,25,4
11020010,26,3
11020010,27,2
11020010,28,5
11020010,29,3
11020010,30,2
11020010,32,3
11020010,33,4
11020010,40,5
11020010,45,5
11020010,52,1
11020010,58,4
11020010,59,4
11020010,61,3
11020010,63,2
11020010,66,2
11020010,67,5
11020172,1,3
11020172,2,3
11020172,3,3
11020172,4,3
11020172,5,3
11020172,6,2
11020172,7,3
11020172,8,4
11020172,9,4
11020172,10,2
11020172,11,3
11020172,12,3
11020172,13,3
11020172,14,4
11020172,15,3
11020172,16,4
11020172,17,4
11020172,19,2
11020172,20,3
11020172,21,3
11020172,22,2
11020172,23,3
11020172,24,4
11020172,25,2
11020172,26,2
11020172,27,3
11020172,28,3
11020172,29,4
11020172,30,3
11020172,32,4
11020172,33,3
11020172,45,2
11020172,48,2
11020172,52,4
11020172,61,2
11020172,62,2
11020172,63,3
11020172,66,1
11020172,68,1
11020172,78,2
11020018,1,3
11020018,2,2
11020018,3,3
11020018,4,2
11020018,5,2
11020018,6,4
11020018,7,2
11020018,8,3
11020018,9,3
11020018,10,2
11020018,11,3
11020018,12,3
11020018,13,2
11020018,14,3
11020018,15,2
11020018,16,3
11020018,17,2
11020018,19,4
11020018,20,2
11020018,21,2
11020018,22,1
11020018,23,1
11020018,24,2
11020018,25,1
11020018,26,3
11020018,27,2
11020018,28,3
11020018,29,3
11020018,30,2
11020018,32,2
11020018,33,2
11020018,49,1
11020018,52,2
11020018,56,3
11020018,58,1
11020018,63,3
11020018,66,1
11020018,67,5
11020018,78,1
11020022,1,3
11020022,2,3
11020022,3,3
11020022,4,3
11020022,5,2
11020022,6,3
11020022,7,3
11020022,8,4
11020022,9,2
11020022,10,3
11020022,11,3
11020022,12,1
11020022,13,3
11020022,14,3
11020022,15,4
11020022,16,1
11020022,17,4
11020022,19,2
11020022,20,2
11020022,21,2
11020022,22,2
11020022,23,3
11020022,24,3
11020022,25,4
11020022,26,2
11020022,27,2
11020022,28,3
11020022,29,3
11020022,30,2
11020022,32,1
11020022,33,4
11020022,49,1
11020022,52,3
11020022,56,3
11020022,58,2
11020022,63,4
11020022,66,2
11020022,67,2
11020022,70,4
11020024,1,3
11020024,2,3
11020024,3,5
11020024,4,3
11020024,5,4
11020024,6,5
11020024,7,2
11020024,8,4
11020024,9,5
11020024,10,4
11020024,11,3
11020024,12,3
11020024,13,4
11020024,14,4
11020024,15,5
11020024,16,5
11020024,17,4
11020024,19,5
11020024,20,3
11020024,21,5
11020024,22,5
11020024,23,5
11020024,24,5
11020024,25,5
11020024,26,4
11020024,27,5
11020024,28,5
11020024,29,5
11020024,30,5
11020024,32,4
11020024,33,5
11020024,48,5
11020024,49,5
11020024,63,5
11020028,1,4
11020028,2,5
11020028,3,3
11020028,4,3
11020028,5,2
11020028,6,3
11020028,7,2
11020028,8,3
11020028,9,3
11020028,10,3
11020028,11,3
11020028,12,4
11020028,13,4
11020028,14,5
11020028,15,3
11020028,16,1
11020028,17,4
11020028,19,1
11020028,20,3
11020028,21,2
11020028,23,5
11020028,24,3
11020028,25,1
11020028,26,5
11020028,27,2
11020028,28,3
11020028,29,3
11020028,30,2
11020028,32,2
11020028,33,2
11020028,40,5
11020028,42,2
11020028,45,5
11020028,47,1
11020028,52,1
11020028,56,5
11020028,60,5
11020028,62,3
11020028,63,3
11020028,66,1
11020028,68,1
11020028,70,5
11020037,5,8
11020037,6,7.5
11020037,7,6.4
11020037,8,5
11020037,10,6.2
11020037,11,6
11020037,12,5.7
11020037,13,6.1
11020037,26,5.6
11020045,1,6.2
11020045,2,6.3
11020045,5,7.8
11020045,6,6.4
11020045,7,7
11020045,8,5.8
11020045,9,6.6
11020045,10,5.7
11020045,11,6.6
11020045,13,5.4
11020045,14,3
11020045,16,6.3
11020045,19,8.9
11020045,20,8
11020045,21,8.7
11020045,22,5.4
11020045,23,6
11020045,24,5.8
11020045,25,6.7
11020045,26,6.6
11020045,30,8
11020045,33,7.8
11020045,63,4.6
11020049,1,3
11020049,2,4
11020049,3,3
11020049,4,2
11020049,5,2
11020049,6,4
11020049,7,2
11020049,8,4
11020049,9,2
11020049,10,3
11020049,11,3
11020049,12,3
11020049,13,4
11020049,14,4
11020049,15,3
11020049,16,3
11020049,17,2
11020049,19,2
11020049,20,2
11020049,21,1
11020049,22,3
11020049,23,3
11020049,24,4
11020049,25,4
11020049,26,2
11020049,27,2
11020049,28,4
11020049,29,3
11020049,30,5
11020049,32,2
11020049,33,3
11020049,48,5
11020049,49,2
11020049,52,4
11020049,56,5
11020049,58,3
11020049,62,4
11020049,63,4
11020049,66,1
11020049,78,5
11020523,1,3
11020523,2,3
11020523,3,3
11020523,4,2
11020523,5,3
11020523,6,4
11020523,7,2
11020523,8,3
11020523,9,2
11020523,10,2
11020523,11,4
11020523,12,5
11020523,13,4
11020523,14,3
11020523,15,3
11020523,16,4
11020523,17,3
11020523,19,4
11020523,20,4
11020523,21,4
11020523,22,4
11020523,23,4
11020523,24,3
11020523,25,4
11020523,26,4
11020523,27,3
11020523,28,4
11020523,29,3
11020523,30,3
11020523,32,2
11020523,33,4
11020523,40,4
11020523,47,2
11020523,48,2
11020523,52,4
11020523,58,2
11020523,60,5
11020523,61,2
11020523,63,4
11020523,66,1
11020523,68,1
11020065,1,3
11020065,2,3
11020065,3,3
11020065,4,2
11020065,5,1
11020065,6,4
11020065,7,3
11020065,8,4
11020065,9,2
11020065,10,3
11020065,11,4
11020065,12,4
11020065,13,3
11020065,14,3
11020065,15,1
11020065,16,3
11020065,17,3
11020065,19,1
11020065,20,3
11020065,21,1
11020065,22,1
11020065,23,3
11020065,24,3
11020065,25,3
11020065,26,2
11020065,27,2
11020065,28,3
11020065,29,3
11020065,30,2
11020065,32,2
11020065,33,4
11020065,48,3
11020065,49,2
11020065,52,4
11020065,53,3
11020065,56,3
11020065,63,3
11020065,66,1
11020065,67,2
10020078,12,5
10020078,13,4
10020078,14,3
10020078,15,3
10020078,16,4
10020078,17,4
10020078,19,4
10020078,20,3
10020078,21,5
10020078,22,4
10020078,23,4
10020078,24,3
10020078,25,1
10020078,26,4
10020078,27,3
10020078,28,5
10020078,29,2
10020078,30,4
10020078,32,3
10020078,33,2
10020078,49,3
10020078,52,5
10020078,53,3
10020078,56,5
10020078,61,2
10020078,62,3
10020078,63,3
10020078,68,1
10020078,69,2
10020078,70,3
11020069,1,5.3
11020069,2,5.3
11020069,5,6.7
11020069,7,6.5
11020069,8,6
11020069,10,6.3
11020069,11,6
11020069,12,7.7
11020069,16,5.7
11020069,26,8
11020073,1,7.9
11020073,2,7.9
11020073,3,0
11020073,4,6.8
11020073,5,2.8
11020073,6,6.7
11020073,7,7.6
11020073,8,6
11020073,10,7.4
11020073,11,6.1
11020073,12,6.3
11020073,13,7.4
11020073,14,5.9
11020073,16,5.6
11020073,19,7.9
11020073,22,6.1
11020073,25,8.5
11020073,26,4.6
11020076,1,5
11020076,2,2
11020076,3,3
11020076,4,3
11020076,5,4
11020076,6,5
11020076,7,3
11020076,8,4
11020076,9,2
11020076,10,3
11020076,11,4
11020076,12,2
11020076,13,3
11020076,14,5
11020076,15,4
11020076,16,4
11020076,17,3
11020076,19,3
11020076,20,4
11020076,21,2
11020076,22,3
11020076,23,3
11020076,24,4
11020076,25,4
11020076,26,3
11020076,27,2
11020076,28,4
11020076,29,3
11020076,30,1
11020076,32,5
11020076,33,4
11020076,40,2
11020076,47,1
11020076,49,2
11020076,52,1
11020076,58,4
11020076,61,2
11020076,63,3
11020076,66,2
11020076,68,3
11020509,1,3
11020509,2,3
11020509,3,3
11020509,4,2
11020509,5,2
11020509,6,3
11020509,7,3
11020509,8,3
11020509,9,3
11020509,10,3
11020509,11,4
11020509,12,3
11020509,13,4
11020509,14,4
11020509,15,4
11020509,16,3
11020509,17,4
11020509,19,3
11020509,20,4
11020509,21,2
11020509,22,4
11020509,23,4
11020509,24,3
11020509,25,4
11020509,26,3
11020509,27,3
11020509,28,4
11020509,29,1
11020509,30,4
11020509,32,3
11020509,33,2
11020509,40,5
11020509,47,2
11020509,48,2
11020509,52,1
11020509,56,4
11020509,58,2
11020509,60,5
11020509,61,2
11020509,63,4
11020509,66,1
11020509,68,3
11020081,1,3
11020081,2,3
11020081,3,3
11020081,4,3
11020081,5,3
11020081,6,2
11020081,7,3
11020081,8,4
11020081,9,2
11020081,10,4
11020081,11,4
11020081,12,3
11020081,13,4
11020081,14,3
11020081,15,4
11020081,16,3
11020081,17,3
11020081,19,3
11020081,20,3
11020081,21,2
11020081,22,3
11020081,23,4
11020081,24,2
11020081,25,2
11020081,26,2
11020081,27,2
11020081,28,3
11020081,29,4
11020081,30,3
11020081,32,2
11020081,33,4
11020081,40,3
11020081,46,2
11020081,52,1
11020081,58,3
11020081,63,3
11020081,66,1
11020081,67,2
11020081,78,2
11020086,1,2
11020086,2,3
11020086,3,3
11020086,4,3
11020086,5,2
11020086,6,3
11020086,7,3
11020086,8,3
11020086,9,3
11020086,10,1
11020086,11,2
11020086,12,2
11020086,13,4
11020086,14,3
11020086,15,3
11020086,16,2
11020086,17,4
11020086,19,3
11020086,20,3
11020086,21,2
11020086,22,1
11020086,23,3
11020086,24,4
11020086,25,2
11020086,26,2
11020086,27,3
11020086,28,3
11020086,29,2
11020086,30,2
11020086,32,3
11020086,33,3
11020086,49,3
11020086,52,1
11020086,56,4
11020086,58,2
11020086,61,2
11020086,63,3
11020086,66,3
11020086,68,2
11020086,78,1
11020092,1,3
11020092,2,3
11020092,3,4
11020092,4,3
11020092,5,1
11020092,6,2
11020092,7,3
11020092,8,3
11020092,9,3
11020092,10,3
11020092,11,4
11020092,12,2
11020092,13,4
11020092,14,3
11020092,15,3
11020092,16,2
11020092,17,3
11020092,19,3
11020092,20,3
11020092,21,3
11020092,22,1
11020092,23,2
11020092,24,2
11020092,25,2
11020092,26,1
11020092,27,3
11020092,28,3
11020092,29,2
11020092,30,4
11020092,32,1
11020092,33,4
11020092,45,2
11020092,48,2
11020092,49,1
11020092,52,3
11020092,62,2
11020092,63,2
11020092,66,2
11020092,67,2
11020096,1,3
11020096,2,3
11020096,3,3
11020096,4,2
11020096,5,2
11020096,6,4
11020096,7,3
11020096,8,2
11020096,9,2
11020096,10,2
11020096,11,4
11020096,12,4
11020096,13,2
11020096,14,2
11020096,15,3
11020096,16,3
11020096,17,2
11020096,19,2
11020096,20,1
11020096,21,4
11020096,22,4
11020096,23,2
11020096,24,4
11020096,25,3
11020096,26,3
11020096,27,2
11020096,28,3
11020096,29,5
11020096,30,2
11020096,32,3
11020096,33,3
11020096,40,3
11020096,45,4
11020096,52,1
11020096,56,4
11020096,58,1
11020096,62,2
11020096,63,1
11020096,66,1
11020096,67,1
11020099,1,2
11020099,2,2
11020099,3,3
11020099,4,2
11020099,5,3
11020099,6,3
11020099,7,2
11020099,8,3
11020099,9,2
11020099,10,3
11020099,11,3
11020099,12,2
11020099,13,4
11020099,14,3
11020099,15,4
11020099,16,4
11020099,17,4
11020099,19,3
11020099,20,3
11020099,21,4
11020099,22,2
11020099,23,3
11020099,24,3
11020099,25,2
11020099,26,1
11020099,27,2
11020099,28,2
11020099,29,4
11020099,30,2
11020099,32,4
11020099,33,2
11020099,40,3
11020099,45,2
11020099,52,4
11020099,58,2
11020099,63,3
11020099,66,1
11020099,67,2
11020099,78,2
11020510,1,3
11020510,2,3
11020510,3,3
11020510,4,3
11020510,5,3
11020510,6,4
11020510,7,1
11020510,8,3
11020510,9,2
11020510,10,4
11020510,11,3
11020510,12,3
11020510,13,4
11020510,14,4
11020510,15,3
11020510,16,2
11020510,17,4
11020510,19,5
11020510,20,4
11020510,21,2
11020510,22,3
11020510,23,4
11020510,24,3
11020510,25,4
11020510,26,4
11020510,27,4
11020510,28,2
11020510,29,3
11020510,30,3
11020510,31,2
11020510,32,3
11020510,33,4
11020510,47,1
11020510,48,5
11020510,49,3
11020510,52,1
11020510,56,4
11020510,58,1
11020510,61,2
11020510,63,3
11020510,66,1
11020510,68,3
11020119,1,3
11020119,2,3
11020119,3,3
11020119,4,3
11020119,5,4
11020119,6,3
11020119,7,3
11020119,8,4
11020119,9,2
11020119,10,3
11020119,11,3
11020119,12,4
11020119,13,3
11020119,14,1
11020119,15,2
11020119,16,3
11020119,17,3
11020119,19,4
11020119,20,3
11020119,21,2
11020119,22,4
11020119,23,3
11020119,24,3
11020119,25,3
11020119,26,3
11020119,27,3
11020119,28,3
11020119,29,3
11020119,30,1
11020119,31,2
11020119,32,2
11020119,33,4
11020119,45,3
11020119,49,4
11020119,52,4
11020119,61,1
11020119,62,3
11020119,63,4
11020119,66,2
11020119,68,1
11020119,78,2
11020512,1,3
11020512,2,3
11020512,3,3
11020512,4,2
11020512,5,2
11020512,6,4
11020512,7,2
11020512,8,4
11020512,9,2
11020512,10,2
11020512,11,3
11020512,12,4
11020512,13,2
11020512,14,3
11020512,15,2
11020512,16,2
11020512,17,2
11020512,19,1
11020512,20,4
11020512,21,1
11020512,22,2
11020512,23,3
11020512,24,4
11020512,25,1
11020512,26,4
11020512,27,2
11020512,28,2
11020512,29,3
11020512,30,1
11020512,32,1
11020512,33,2
11020512,40,3
11020512,48,3
11020512,49,3
11020512,52,2
11020512,61,2
11020512,62,4
11020512,63,3
11020512,66,1
11020512,67,2
11020129,1,3
11020129,2,3
11020129,3,3
11020129,4,2
11020129,5,2
11020129,6,2
11020129,7,2
11020129,8,3
11020129,9,3
11020129,10,3
11020129,11,3
11020129,12,2
11020129,13,4
11020129,14,2
11020129,15,3
11020129,16,2
11020129,17,4
11020129,19,2
11020129,20,2
11020129,21,2
11020129,22,4
11020129,23,1
11020129,24,3
11020129,25,5
11020129,26,3
11020129,27,3
11020129,28,4
11020129,29,5
11020129,30,4
11020129,32,4
11020129,33,3
11020129,40,4
11020129,48,2
11020129,49,4
11020129,52,4
11020129,58,5
11020129,60,5
11020129,63,2
11020129,66,5
11020129,68,5
11020129,70,3
11020134,1,4
11020134,2,4
11020134,3,2
11020134,4,2
11020134,5,3
11020134,6,2
11020134,7,3
11020134,8,4
11020134,9,2
11020134,10,3
11020134,11,3
11020134,12,4
11020134,13,3
11020134,14,3
11020134,15,2
11020134,16,4
11020134,17,1
11020134,19,2
11020134,20,4
11020134,21,1
11020134,22,3
11020134,23,2
11020134,24,2
11020134,25,3
11020134,26,3
11020134,27,2
11020134,28,4
11020134,29,3
11020134,30,2
11020134,32,4
11020134,33,3
11020134,48,2
11020134,49,3
11020134,52,1
11020134,58,2
11020134,61,2
11020134,63,3
11020134,66,2
11020134,68,1
11020134,78,2
11020138,1,3
11020138,2,3
11020138,3,2
11020138,4,2
11020138,5,2
11020138,6,3
11020138,7,3
11020138,8,3
11020138,9,2
11020138,10,5
11020138,11,3
11020138,12,4
11020138,13,4
11020138,14,4
11020138,15,3
11020138,16,1
11020138,17,2
11020138,19,4
11020138,20,3
11020138,21,2
11020138,22,3
11020138,23,3
11020138,24,2
11020138,25,3
11020138,26,4
11020138,27,1
11020138,28,3
11020138,29,2
11020138,30,2
11020138,32,4
11020138,33,3
11020138,45,3
11020138,47,2
11020138,48,1
11020138,52,5
11020138,56,5
11020138,58,2
11020138,61,1
11020138,63,3
11020138,66,1
11020138,68,2
11020143,1,3
11020143,2,3
11020143,3,3
11020143,4,2
11020143,5,2
11020143,6,3
11020143,7,3
11020143,8,3
11020143,9,2
11020143,10,3
11020143,11,4
11020143,12,3
11020143,13,3
11020143,14,4
11020143,15,4
11020143,16,3
11020143,17,3
11020143,19,3
11020143,20,4
11020143,21,3
11020143,22,2
11020143,23,3
11020143,24,4
11020143,25,4
11020143,26,3
11020143,27,4
11020143,28,4
11020143,29,4
11020143,30,2
11020143,32,3
11020143,33,4
11020143,45,5
11020143,48,3
11020143,49,4
11020143,52,1
11020143,58,2
11020143,61,2
11020143,62,3
11020143,63,3
11020143,66,3
11020143,68,3
11020151,1,4
11020151,2,4
11020151,3,5
11020151,4,3
11020151,5,2
11020151,6,2
11020151,7,2
11020151,8,1
11020151,9,1
11020151,10,2
11020151,11,3
11020151,12,2
11020151,13,2
11020151,14,4
11020151,15,4
11020151,16,4
11020151,17,2
11020151,19,3
11020151,20,2
11020151,21,3
11020151,22,2
11020151,23,3
11020151,24,2
11020151,25,3
11020151,26,2
11020151,27,5
11020151,28,5
11020151,29,2
11020151,30,3
11020151,31,3
11020151,32,3
11020151,33,4
11020151,40,4
11020151,48,4
11020151,49,5
11020151,52,3
11020151,59,2
11020151,60,4
11020151,63,3
11020151,66,5
11020155,1,3
11020155,2,3
11020155,3,3
11020155,4,3
11020155,5,3
11020155,6,1
11020155,7,4
11020155,8,4
11020155,9,3
11020155,10,4
11020155,11,4
11020155,12,4
11020155,13,4
11020155,14,3
11020155,15,4
11020155,16,4
11020155,17,4
11020155,19,3
11020155,20,5
11020155,21,4
11020155,22,3
11020155,23,4
11020155,24,3
11020155,25,5
11020155,26,5
11020155,27,2
11020155,28,4
11020155,29,3
11020155,30,2
11020155,31,2
11020155,32,3
11020155,33,5
11020155,47,2
11020155,48,5
11020155,49,4
11020155,52,2
11020155,56,5
11020155,58,4
11020155,61,2
11020155,63,3
11020155,66,5
11020155,68,3
11020163,1,5
11020163,2,5
11020163,3,4
11020163,4,2
11020163,5,3
11020163,6,3
11020163,7,3
11020163,8,3
11020163,9,4
11020163,10,3
11020163,11,3
11020163,12,5
11020163,13,1
11020163,14,1
11020163,15,3
11020163,16,4
11020163,17,3
11020163,19,3
11020163,20,1
11020163,21,2
11020163,22,3
11020163,23,3
11020163,24,2
11020163,25,2
11020163,26,4
11020163,27,4
11020163,28,3
11020163,29,5
11020163,30,2
11020163,32,1
11020163,33,4
11020163,40,4
11020163,45,2
11020163,49,1
11020163,52,1
11020163,58,1
11020163,60,5
11020163,61,2
11020163,63,3
11020163,66,2
11020163,68,2
11020177,1,2
11020177,2,2
11020177,3,3
11020177,4,2
11020177,5,1
11020177,6,3
11020177,7,1
11020177,8,1
11020177,9,3
11020177,10,3
11020177,11,3
11020177,12,2
11020177,13,3
11020177,14,3
11020177,15,2
11020177,16,3
11020177,17,3
11020177,19,3
11020177,20,2
11020177,21,1
11020177,22,1
11020177,23,2
11020177,24,3
11020177,25,1
11020177,26,2
11020177,27,2
11020177,28,2
11020177,29,3
11020177,30,1
11020177,32,3
11020177,33,3
11020177,40,2
11020177,45,2
11020177,48,2
11020177,49,2
11020177,52,2
11020177,56,2
11020177,63,3
11020177,64,3
11020177,66,2
11020177,67,1
11020193,1,2
11020193,2,3
11020193,3,4
11020193,4,2
11020193,5,2
11020193,6,3
11020193,7,3
11020193,8,4
11020193,9,2
11020193,10,4
11020193,11,3
11020193,12,3
11020193,13,4
11020193,14,2
11020193,15,3
11020193,16,3
11020193,17,3
11020193,19,2
11020193,20,1
11020193,21,3
11020193,22,2
11020193,23,4
11020193,24,4
11020193,25,3
11020193,26,3
11020193,27,4
11020193,28,3
11020193,29,3
11020193,30,5
11020193,32,3
11020193,33,2
11020193,42,5
11020193,45,2
11020193,47,2
11020193,49,3
11020193,52,4
11020193,56,4
11020193,61,2
11020193,62,5
11020193,63,5
11020193,66,5
11020193,68,2
10020211,7,2
10020211,10,3
10020211,12,5
10020211,13,4
10020211,14,4
10020211,15,3
10020211,16,4
10020211,17,4
10020211,19,5
10020211,20,3
10020211,21,3
10020211,22,4
10020211,23,4
10020211,24,4
10020211,25,4
10020211,26,4
10020211,27,5
10020211,28,5
10020211,29,3
10020211,30,4
10020211,31,5
10020211,32,2
10020211,33,3
10020211,40,5
10020211,48,5
10020211,49,5
10020211,52,4
10020211,53,4
10020211,56,5
10020211,58,2
10020211,60,5
10020211,61,3
10020211,63,3
10020211,66,2
10020211,68,5
11020198,1,3
11020198,2,3
11020198,3,2
11020198,4,2
11020198,5,1
11020198,6,2
11020198,7,2
11020198,8,4
11020198,9,2
11020198,10,3
11020198,11,3
11020198,12,5
11020198,13,4
11020198,14,3
11020198,15,4
11020198,16,4
11020198,17,5
11020198,19,3
11020198,20,5
11020198,21,4
11020198,22,2
11020198,23,4
11020198,24,4
11020198,25,3
11020198,26,3
11020198,27,2
11020198,28,4
11020198,29,3
11020198,30,2
11020198,32,2
11020198,33,4
11020198,40,3
11020198,48,5
11020198,49,4
11020198,52,1
11020198,53,4
11020198,56,3
11020198,58,4
11020198,61,2
11020198,63,4
11020198,66,2
11020198,68,2
11020207,1,3
11020207,2,3
11020207,3,3
11020207,4,3
11020207,5,2
11020207,6,4
11020207,7,3
11020207,8,4
11020207,9,4
11020207,10,4
11020207,11,4
11020207,12,4
11020207,13,3
11020207,14,2
11020207,15,2
11020207,16,4
11020207,17,4
11020207,19,3
11020207,20,2
11020207,21,3
11020207,22,3
11020207,23,4
11020207,24,2
11020207,25,3
11020207,26,4
11020207,27,2
11020207,28,4
11020207,29,2
11020207,30,2
11020207,32,3
11020207,33,3
11020207,40,5
11020207,48,2
11020207,49,1
11020207,52,1
11020207,58,1
11020207,61,2
11020207,62,2
11020207,63,4
11020207,66,2
11020207,68,2
11020217,1,4.7
11020217,2,4.7
11020217,4,5.6
11020217,5,8.2
11020217,6,7.9
11020217,7,8.4
11020217,8,7.2
11020217,10,5.9
11020217,11,5.2
11020217,12,3.4
11020217,13,4.7
11020217,20,8
11020217,21,8.1
11020217,22,8.8
11020217,23,6.1
11020217,25,6.7
11020217,26,5.6
11020217,52,5.9
11020217,63,0
11020232,1,3
11020232,2,3
11020232,3,3
11020232,4,3
11020232,5,2
11020232,6,4
11020232,7,3
11020232,8,4
11020232,9,4
11020232,10,2
11020232,11,4
11020232,12,3
11020232,13,3
11020232,14,2
11020232,15,3
11020232,16,3
11020232,17,4
11020232,19,3
11020232,20,3
11020232,21,5
11020232,22,4
11020232,23,2
11020232,24,4
11020232,25,3
11020232,26,4
11020232,27,2
11020232,28,3
11020232,29,5
11020232,30,4
11020232,32,2
11020232,33,3
11020232,40,3
11020232,45,2
11020232,49,3
11020232,52,1
11020232,56,4
11020232,61,2
11020232,63,5
11020232,66,5
11020232,68,3
11020237,1,3
11020237,2,3
11020237,3,3
11020237,4,3
11020237,5,2
11020237,6,2
11020237,7,3
11020237,8,3
11020237,9,4
11020237,10,3
11020237,11,2
11020237,12,4
11020237,13,2
11020237,14,1
11020237,15,2
11020237,16,3
11020237,17,1
11020237,19,2
11020237,20,2
11020237,21,3
11020237,22,1
11020237,23,3
11020237,24,2
11020237,25,2
11020237,26,1
11020237,27,1
11020237,28,2
11020237,29,2
11020237,30,2
11020237,32,2
11020237,33,3
11020237,40,3
11020237,48,1
11020237,52,3
11020237,56,4
11020237,58,1
11020237,63,2
11020237,66,1
11020237,67,1
11020237,78,2
11020426,1,3
11020426,2,3
11020426,3,3
11020426,4,4
11020426,5,3
11020426,6,2
11020426,7,3
11020426,8,3
11020426,9,1
11020426,10,3
11020426,11,2
11020426,12,3
11020426,13,4
11020426,14,2
11020426,15,2
11020426,16,2
11020426,17,4
11020426,19,3
11020426,20,1
11020426,21,3
11020426,22,4
11020426,23,4
11020426,24,4
11020426,25,3
11020426,26,2
11020426,27,3
11020426,28,3
11020426,29,3
11020426,30,3
11020426,32,2
11020426,33,3
11020426,45,2
11020426,48,1
11020426,52,4
11020426,58,1
11020426,63,3
11020426,66,2
11020426,67,3
11020426,78,2
11020535,1,2
11020535,2,2
11020535,3,3
11020535,4,2
11020535,5,2
11020535,6,1
11020535,7,2
11020535,8,3
11020535,9,3
11020535,10,3
11020535,11,2
11020535,12,4
11020535,13,4
11020535,14,3
11020535,15,2
11020535,16,3
11020535,17,3
11020535,19,3
11020535,20,2
11020535,21,1
11020535,22,3
11020535,23,3
11020535,24,4
11020535,25,2
11020535,26,2
11020535,27,1
11020535,28,2
11020535,29,3
11020535,30,2
11020535,32,5
11020535,33,3
11020535,40,2
11020535,45,2
11020535,52,4
11020535,53,4
11020535,62,1
11020535,63,3
11020535,66,1
11020535,67,1
11020427,1,3
11020427,2,3
11020427,3,2
11020427,4,3
11020427,5,4
11020427,6,2
11020427,7,2
11020427,8,4
11020427,9,3
11020427,10,2
11020427,11,4
11020427,12,3
11020427,13,3
11020427,14,4
11020427,15,3
11020427,16,3
11020427,17,4
11020427,19,2
11020427,20,3
11020427,21,2
11020427,22,2
11020427,23,3
11020427,24,3
11020427,25,3
11020427,26,3
11020427,27,4
11020427,28,3
11020427,29,2
11020427,30,2
11020427,32,3
11020427,33,4
11020427,40,4
11020427,48,2
11020427,49,4
11020427,52,4
11020427,53,4
11020427,58,1
11020427,63,3
11020427,66,4
11020427,67,5
11020262,1,2
11020262,2,2
11020262,3,3
11020262,4,4
11020262,5,2
11020262,6,4
11020262,7,1
11020262,8,1
11020262,9,1
11020262,10,4
11020262,11,4
11020262,12,5
11020262,13,4
11020262,14,5
11020262,15,4
11020262,16,3
11020262,17,2
11020262,19,3
11020262,20,5
11020262,21,4
11020262,22,2
11020262,23,2
11020262,24,4
11020262,25,4
11020262,26,4
11020262,27,3
11020262,29,5
11020262,30,4
11020262,32,4
11020262,33,3
11020262,49,1
11020262,52,3
11020262,61,1
11020262,62,4
11020262,63,3
11020262,66,5
11020262,68,1
11020278,1,3
11020278,2,4
11020278,3,3
11020278,4,3
11020278,5,2
11020278,6,2
11020278,7,2
11020278,8,3
11020278,9,3
11020278,10,3
11020278,11,3
11020278,12,2
11020278,13,3
11020278,14,3
11020278,15,5
11020278,16,2
11020278,17,4
11020278,19,3
11020278,20,1
11020278,21,1
11020278,22,3
11020278,23,4
11020278,24,4
11020278,25,3
11020278,26,4
11020278,27,2
11020278,28,3
11020278,29,5
11020278,30,4
11020278,32,3
11020278,33,4
11020278,40,5
11020278,45,5
11020278,47,2
11020278,49,4
11020278,52,4
11020278,56,5
11020278,58,1
11020278,63,3
11020278,66,2
11020278,78,2
11020283,1,5.7
11020283,2,5.7
11020283,5,5.8
11020283,6,7.2
11020283,7,10
11020283,8,10
11020283,9,10
11020283,10,7.1
11020283,11,7.2
11020283,12,8.5
11020283,13,8.7
11020283,14,5.1
11020283,20,6.6
11020283,23,5.2
11020283,26,4.1
11020283,32,7.5
11020515,1,3
11020515,2,3
11020515,3,4
11020515,4,3
11020515,5,2
11020515,6,3
11020515,7,2
11020515,8,4
11020515,9,4
11020515,10,4
11020515,11,4
11020515,12,3
11020515,13,3
11020515,14,3
11020515,15,3
11020515,16,4
11020515,17,5
11020515,19,2
11020515,20,4
11020515,21,1
11020515,22,5
11020515,23,4
11020515,24,3
11020515,25,3
11020515,26,4
11020515,27,4
11020515,28,4
11020515,29,4
11020515,30,3
11020515,32,5
11020515,33,4
11020515,40,5
11020515,47,2
11020515,48,3
11020515,49,4
11020515,52,4
11020515,58,4
11020515,61,2
11020515,63,4
11020515,66,5
11020515,68,3
11020291,1,2
11020291,2,2
11020291,3,3
11020291,4,3
11020291,5,2
11020291,6,1
11020291,7,2
11020291,8,3
11020291,9,2
11020291,10,2
11020291,11,4
11020291,12,1
11020291,13,2
11020291,14,1
11020291,15,1
11020291,16,3
11020291,17,2
11020291,19,2
11020291,20,2
11020291,21,2
11020291,22,1
11020291,23,3
11020291,24,4
11020291,25,1
11020291,26,3
11020291,27,1
11020291,28,2
11020291,29,2
11020291,30,3
11020291,32,2
11020291,33,2
11020291,40,2
11020291,45,2
11020291,48,2
11020291,49,2
11020291,52,3
11020291,63,3
11020291,66,2
11020291,67,2
11020291,78,2
11020297,1,3
11020297,2,3
11020297,3,3
11020297,4,2
11020297,5,2
11020297,6,1
11020297,7,3
11020297,8,1
11020297,9,1
11020297,10,3
11020297,11,3
11020297,12,3
11020297,13,2
11020297,14,2
11020297,15,3
11020297,16,2
11020297,17,4
11020297,19,2
11020297,20,3
11020297,21,3
11020297,22,3
11020297,23,4
11020297,24,4
11020297,25,2
11020297,26,1
11020297,27,1
11020297,28,2
11020297,29,2
11020297,30,3
11020297,32,1
11020297,33,4
11020297,48,2
11020297,49,4
11020297,52,5
11020297,53,3
11020297,62,3
11020297,63,3
11020297,66,1
11020297,67,1
11020303,1,3
11020303,2,3
11020303,3,2
11020303,4,2
11020303,5,2
11020303,6,3
11020303,7,1
11020303,8,1
11020303,9,5
11020303,10,3
11020303,11,3
11020303,12,5
11020303,13,2
11020303,14,3
11020303,15,5
11020303,16,4
11020303,17,4
11020303,20,3
11020303,21,3
11020303,22,5
11020303,24,4
11020303,26,5
11020303,29,2
11020303,32,3
11020303,33,3
11020303,40,5
11020303,52,4
11020303,63,3
11020312,1,4
11020312,2,4
11020312,3,4
11020312,4,3
11020312,5,1
11020312,6,1
11020312,7,1
11020312,8,2
11020312,9,2
11020312,10,3
11020312,11,4
11020312,12,3
11020312,13,4
11020312,15,4
11020312,16,3
11020312,17,4
11020312,19,4
11020312,20,1
11020312,21,1
11020312,22,1
11020312,23,3
11020312,24,3
11020312,25,1
11020312,26,1
11020312,27,1
11020312,28,2
11020312,29,3
11020312,30,2
11020312,32,4
11020312,33,2
11020312,40,2
11020312,45,2
11020312,48,1
11020312,49,5
11020312,52,3
11020312,62,2
11020312,63,3
11020312,66,2
11020317,1,3
11020317,2,3
11020317,3,3
11020317,4,2
11020317,5,3
11020317,6,3
11020317,7,2
11020317,8,2
11020317,9,3
11020317,10,3
11020317,11,3
11020317,12,2
11020317,13,2
11020317,14,3
11020317,15,4
11020317,16,3
11020317,17,3
11020317,19,3
11020317,20,2
11020317,21,1
11020317,22,1
11020317,23,1
11020317,24,4
11020317,25,2
11020317,26,3
11020317,27,3
11020317,28,2
11020317,29,3
11020317,30,2
11020317,32,2
11020317,33,3
11020317,45,3
11020317,48,2
11020317,49,4
11020317,52,4
11020317,56,3
11020317,63,3
11020317,66,2
11020317,67,1
11020324,1,3
11020324,2,3
11020324,3,4
11020324,4,3
11020324,5,3
11020324,6,3
11020324,7,3
11020324,8,4
11020324,9,3
11020324,10,3
11020324,11,4
11020324,12,4
11020324,13,2
11020324,14,3
11020324,15,2
11020324,16,3
11020324,17,4
11020324,19,3
11020324,20,4
11020324,21,3
11020324,22,3
11020324,23,3
11020324,24,4
11020324,25,2
11020324,26,3
11020324,27,2
11020324,28,3
11020324,29,4
11020324,30,2
11020324,32,4
11020324,33,3
11020324,45,3
11020324,49,3
11020324,52,4
11020324,56,4
11020324,61,2
11020324,62,4
11020324,63,3
11020324,66,2
11020324,68,2
11020330,1,3
11020330,2,3
11020330,3,2
11020330,4,2
11020330,5,3
11020330,6,1
11020330,7,3
11020330,8,4
11020330,9,3
11020330,10,3
11020330,11,2
11020330,12,4
11020330,13,3
11020330,14,3
11020330,15,4
11020330,16,2
11020330,17,3
11020330,19,4
11020330,20,1
11020330,21,2
11020330,22,2
11020330,23,4
11020330,24,2
11020330,25,1
11020330,26,1
11020330,27,2
11020330,28,3
11020330,29,2
11020330,30,3
11020330,32,3
11020330,33,2
11020330,40,2
11020330,45,2
11020330,49,3
11020330,52,3
11020330,63,2
11020330,66,2
11020330,67,2
11020330,78,2
11020332,1,2
11020332,2,2
11020332,3,4
11020332,4,2
11020332,5,2
11020332,6,4
11020332,7,3
11020332,8,3
11020332,9,1
11020332,10,4
11020332,11,3
11020332,12,4
11020332,13,4
11020332,14,3
11020332,15,3
11020332,16,4
11020332,17,4
11020332,19,3
11020332,20,3
11020332,21,2
11020332,22,3
11020332,23,3
11020332,24,2
11020332,25,1
11020332,26,4
11020332,27,2
11020332,28,4
11020332,29,2
11020332,30,2
11020332,32,2
11020332,33,3
11020332,40,2
11020332,45,2
11020332,52,1
11020332,58,1
11020332,63,4
11020332,66,1
11020332,67,1
11020332,78,1
11020336,1,3
11020336,2,3
11020336,3,2
11020336,4,3
11020336,5,1
11020336,6,1
11020336,7,3
11020336,8,3
11020336,9,3
11020336,10,3
11020336,11,1
11020336,12,2
11020336,13,3
11020336,14,3
11020336,15,3
11020336,16,2
11020336,17,3
11020336,19,3
11020336,20,3
11020336,21,4
11020336,22,3
11020336,23,4
11020336,24,3
11020336,25,1
11020336,26,3
11020336,27,2
11020336,28,3
11020336,29,1
11020336,30,2
11020336,32,2
11020336,33,4
11020336,40,3
11020336,46,3
11020336,48,2
11020336,49,5
11020336,52,5
11020336,63,3
11020336,66,2
11020336,67,2
11020336,78,1
11020355,1,3
11020355,2,3
11020355,3,3
11020355,4,4
11020355,5,2
11020355,6,4
11020355,7,3
11020355,8,5
11020355,9,4
11020355,10,3
11020355,11,3
11020355,12,2
11020355,13,3
11020355,14,2
11020355,15,3
11020355,16,4
11020355,17,4
11020355,19,3
11020355,20,3
11020355,21,1
11020355,23,4
11020355,24,4
11020355,25,4
11020355,26,2
11020355,27,5
11020355,28,5
11020355,29,4
11020355,30,3
11020355,31,3
11020355,32,4
11020355,33,4
11020355,40,5
11020355,42,5
11020355,45,3
11020355,49,5
11020355,52,5
11020355,58,1
11020355,61,2
11020355,63,5
11020355,66,1
11020355,68,2
11020355,78,3
11020358,1,3
11020358,2,3
11020358,3,2
11020358,4,3
11020358,5,2
11020358,6,2
11020358,7,3
11020358,8,3
11020358,9,3
11020358,10,3
11020358,11,3
11020358,12,2
11020358,13,3
11020358,14,3
11020358,15,3
11020358,16,3
11020358,17,4
11020358,19,2
11020358,20,4
11020358,21,1
11020358,22,1
11020358,23,2
11020358,24,3
11020358,25,2
11020358,26,1
11020358,27,2
11020358,28,2
11020358,29,2
11020358,30,2
11020358,32,3
11020358,33,3
11020358,40,4
11020358,45,2
11020358,48,1
11020358,49,1
11020358,52,4
11020358,63,3
11020358,66,1
11020358,67,1
11020358,78,2
11020362,1,4
11020362,2,4
11020362,3,3
11020362,4,3
11020362,5,2
11020362,6,1
11020362,7,4
11020362,8,4
11020362,9,2
11020362,10,4
11020362,11,2
11020362,12,3
11020362,13,3
11020362,14,1
11020362,15,4
11020362,16,2
11020362,17,4
11020362,19,4
11020362,20,5
11020362,21,3
11020362,22,3
11020362,24,4
11020362,25,3
11020362,26,2
11020362,27,4
11020362,29,4
11020362,30,5
11020362,31,5
11020362,32,5
11020362,33,1
11020362,47,2
11020362,49,2
11020362,52,4
11020362,53,4
11020362,58,2
11020362,60,5
11020362,63,4
11020362,66,3
11020362,68,5
11020365,1,5
11020365,2,3
11020365,3,4
11020365,4,5
11020365,5,2
11020365,6,1
11020365,7,2
11020365,8,3
11020365,9,3
11020365,10,4
11020365,11,3
11020365,12,4
11020365,13,3
11020365,14,3
11020365,15,2
11020365,16,2
11020365,17,4
11020365,19,3
11020365,20,2
11020365,21,2
11020365,22,3
11020365,23,3
11020365,24,3
11020365,25,3
11020365,26,2
11020365,27,3
11020365,28,4
11020365,29,3
11020365,30,3
11020365,32,4
11020365,33,4
11020365,40,5
11020365,42,5
11020365,45,4
11020365,46,5
11020365,47,1
11020365,48,5
11020365,52,2
11020365,58,4
11020365,62,5
11020365,63,2
11020365,66,1
11020365,67,5
11020370,1,2
11020370,2,2
11020370,3,2
11020370,4,1
11020370,5,1
11020370,6,4
11020370,7,2
11020370,8,3
11020370,9,3
11020370,10,3
11020370,11,3
11020370,12,5
11020370,13,3
11020370,14,3
11020370,15,4
11020370,16,3
11020370,17,3
11020370,19,3
11020370,20,2
11020370,21,1
11020370,22,3
11020370,23,3
11020370,24,3
11020370,25,1
11020370,26,1
11020370,27,1
11020370,28,3
11020370,29,2
11020370,30,1
11020370,32,2
11020370,33,2
11020370,40,3
11020370,45,2
11020370,52,2
11020370,58,1
11020370,63,2
11020370,66,1
11020370,67,1
11020370,78,1
10020405,4,5
10020405,11,5
10020405,13,5
10020405,14,5
10020405,16,5
10020405,17,5
10020405,19,5
10020405,20,5
10020405,21,5
10020405,22,5
10020405,23,5
10020405,24,5
10020405,25,5
10020405,26,5
10020405,27,5
10020405,28,5
10020405,30,5
10020405,32,5
10020405,33,5
10020405,63,5
10020405,69,3
11020388,1,3
11020388,2,3
11020388,3,4
11020388,4,5
11020388,5,4
11020388,6,5
11020388,7,4
11020388,8,4
11020388,9,5
11020388,10,4
11020388,11,5
11020388,12,2
11020388,13,5
11020388,14,5
11020388,17,5
11020388,19,3
11020388,20,5
11020388,21,4
11020388,22,5
11020388,23,5
11020388,24,5
11020388,25,5
11020388,26,4
11020388,32,4
11020388,33,5
11020388,63,5
11020397,1,2
11020397,2,2
11020397,3,3
11020397,4,2
11020397,5,1
11020397,6,1
11020397,7,3
11020397,8,3
11020397,9,3
11020397,10,2
11020397,11,3
11020397,12,3
11020397,13,3
11020397,14,3
11020397,15,3
11020397,16,1
11020397,17,3
11020397,19,3
11020397,20,1
11020397,21,1
11020397,22,1
11020397,23,2
11020397,24,4
11020397,25,1
11020397,26,2
11020397,27,1
11020397,28,2
11020397,29,2
11020397,30,2
11020397,32,2
11020397,33,3
11020397,40,1
11020397,45,2
11020397,52,2
11020397,58,1
11020397,63,2
11020397,66,1
11020397,67,1
11020397,78,1
11020439,1,2
11020439,2,5
11020439,3,5
11020439,5,2
11020439,6,3
11020439,7,4
11020439,8,4
11020439,9,5
11020439,10,5
11020439,11,3
11020439,12,4
11020439,13,3
11020439,16,5
11020439,17,2
11020439,19,5
11020439,20,3
11020439,21,5
11020439,22,5
11020439,23,5
11020439,24,5
11020439,25,2
11020439,26,3
11020439,30,3
11020439,33,5
11020418,1,2
11020418,2,2
11020418,3,3
11020418,5,2
11020418,6,2
11020418,10,5
11020418,11,3
11020418,12,4
11020418,13,1
11020418,15,2
11020418,16,3
11020418,17,5
11020418,19,5
11020418,20,3
11020418,21,2
11020418,22,2
11020418,23,3
11020418,24,3
11020418,25,4
11020418,26,3
11020418,27,2
11020418,28,4
11020418,29,5
11020418,30,2
11020418,31,2
11020418,32,3
11020418,33,4
11020418,46,4
11020418,47,2
11020418,52,3
11020418,58,4
11020418,63,4
11020228,15,4
11020228,17,4
11020228,24,2
11020228,33,4
11020228,53,3
11020228,67,1
10020007,1,3
10020007,2,3
10020007,3,3
10020007,4,3
10020007,5,3
10020007,6,3
10020007,7,3
10020007,8,3
10020007,9,3
10020007,10,2
10020007,11,3
10020007,12,2
10020007,13,2
10020007,14,5
10020007,15,3
10020007,16,2
10020007,17,3
10020007,19,2
10020007,20,2
10020007,21,2
10020007,22,4
10020007,23,4
10020007,24,2
10020007,25,3
10020007,26,2
10020007,27,3
10020007,28,2
10020007,29,2
10020007,30,2
10020007,32,2
10020007,33,3
10020007,45,2
10020007,49,2
10020007,52,4
10020007,58,1
10020007,63,3
10020007,66,1
10020007,67,1
10020007,78,2
10020020,1,3
10020020,2,3
10020020,3,3
10020020,4,3
10020020,5,1
10020020,6,3
10020020,7,3
10020020,8,4
10020020,9,4
10020020,10,1
10020020,11,2
10020020,12,3
10020020,13,5
10020020,14,3
10020020,15,2
10020020,16,2
10020020,17,4
10020020,19,2
10020020,20,2
10020020,21,1
10020020,22,2
10020020,23,2
10020020,24,3
10020020,25,2
10020020,26,2
10020020,27,2
10020020,28,2
10020020,29,2
10020020,30,2
10020020,32,3
10020020,33,3
10020020,48,3
10020020,51,3
10020020,52,4
10020020,53,2
10020020,61,2
10020020,62,2
10020020,63,2
10020020,66,2
10020020,67,1
10020024,1,2
10020024,2,2
10020024,3,3
10020024,4,2
10020024,5,2
10020024,6,3
10020024,7,3
10020024,8,3
10020024,9,3
10020024,10,1
10020024,11,2
10020024,12,2
10020024,13,4
10020024,14,3
10020024,15,2
10020024,16,2
10020024,17,2
10020024,19,3
10020024,20,2
10020024,21,2
10020024,22,2
10020024,23,3
10020024,24,3
10020024,25,2
10020024,26,2
10020024,27,2
10020024,28,1
10020024,29,2
10020024,30,2
10020024,32,3
10020024,33,2
10020024,49,2
10020024,52,1
10020024,53,3
10020024,56,1
10020024,62,2
10020024,63,4
10020024,66,1
10020024,67,1
10020029,1,3
10020029,2,3
10020029,3,3
10020029,4,2
10020029,5,2
10020029,6,1
10020029,7,1
10020029,8,1
10020029,9,2
10020029,10,3
10020029,11,2
10020029,12,3
10020029,13,3
10020029,14,3
10020029,15,4
10020029,16,3
10020029,17,3
10020029,19,3
10020029,20,2
10020029,21,1
10020029,22,4
10020029,23,4
10020029,24,3
10020029,25,4
10020029,26,1
10020029,27,2
10020029,28,3
10020029,29,4
10020029,30,3
10020029,32,3
10020029,33,3
10020029,49,4
10020029,52,4
10020029,56,5
10020029,58,1
10020029,61,2
10020029,62,1
10020029,63,4
10020029,66,1
10020029,67,2
10020036,1,3
10020036,2,3
10020036,3,2
10020036,4,2
10020036,5,1
10020036,6,2
10020036,7,2
10020036,8,2
10020036,9,1
10020036,10,1
10020036,11,2
10020036,12,3
10020036,13,2
10020036,14,3
10020036,15,4
10020036,16,3
10020036,17,4
10020036,19,3
10020036,20,4
10020036,21,4
10020036,22,3
10020036,24,3
10020036,25,3
10020036,26,3
10020036,27,4
10020036,28,4
10020036,29,5
10020036,30,1
10020036,32,2
10020036,33,2
10020036,45,2
10020036,48,1
10020036,49,3
10020036,52,4
10020036,55,2
10020036,56,2
10020036,63,2
10020036,66,2
10020036,68,5
10020036,69,3
10020041,1,2
10020041,2,2
10020041,3,3
10020041,4,3
10020041,5,2
10020041,6,2
10020041,7,2
10020041,8,3
10020041,9,3
10020041,10,1
10020041,11,1
10020041,12,3
10020041,13,3
10020041,14,4
10020041,15,1
10020041,16,2
10020041,17,3
10020041,19,2
10020041,20,4
10020041,21,2
10020041,22,1
10020041,23,2
10020041,24,2
10020041,25,2
10020041,26,3
10020041,27,1
10020041,28,1
10020041,29,1
10020041,30,3
10020041,32,2
10020041,33,1
10020041,40,2
10020041,43,3
10020041,45,2
10020041,52,2
10020041,56,5
10020041,60,5
10020041,63,1
10020041,66,1
10020041,67,5
10020041,78,1
10020054,1,3
10020054,2,3
10020054,3,3
10020054,4,4
10020054,5,2
10020054,6,4
10020054,7,3
10020054,8,4
10020054,9,3
10020054,10,2
10020054,11,3
10020054,12,2
10020054,13,3
10020054,14,3
10020054,15,3
10020054,16,4
10020054,17,3
10020054,19,3
10020054,20,5
10020054,21,3
10020054,22,3
10020054,23,4
10020054,24,3
10020054,25,3
10020054,26,4
10020054,27,4
10020054,28,5
10020054,29,5
10020054,30,3
10020054,32,2
10020054,33,4
10020054,46,4
10020054,48,4
10020054,49,4
10020054,52,1
10020054,56,5
10020054,60,5
10020054,61,2
10020054,62,2
10020054,63,3
10020054,66,5
10020054,68,5
10020069,1,2
10020069,2,2
10020069,3,3
10020069,4,2
10020069,5,2
10020069,6,5
10020069,7,2
10020069,8,2
10020069,9,1
10020069,10,3
10020069,11,5
10020069,12,5
10020069,13,5
10020069,15,5
10020069,16,5
10020069,17,5
10020069,20,5
10020069,30,5
10020069,33,5
10020072,1,3
10020072,2,3
10020072,3,3
10020072,4,3
10020072,5,2
10020072,6,3
10020072,7,2
10020072,8,2
10020072,9,4
10020072,10,2
10020072,11,2
10020072,12,4
10020072,13,3
10020072,14,5
10020072,15,4
10020072,16,1
10020072,17,3
10020072,19,2
10020072,20,4
10020072,21,2
10020072,22,3
10020072,23,4
10020072,24,3
10020072,25,3
10020072,26,2
10020072,27,1
10020072,28,2
10020072,29,4
10020072,30,3
10020072,32,3
10020072,33,2
10020072,49,2
10020072,52,1
10020072,53,3
10020072,62,1
10020072,63,4
10020072,66,1
10020072,67,5
10020072,70,3
10020085,1,7.1
10020085,2,7.1
10020085,3,7.4
10020085,4,6.5
10020085,5,7.4
10020085,7,6.7
10020085,8,7.2
10020085,9,8
10020085,10,7
10020085,11,7.6
10020085,12,7.5
10020085,13,5.1
10020085,16,5.7
10020085,19,6.1
10020085,23,5.3
10020085,25,7.8
10020085,32,7.5
10020094,1,4
10020094,2,4
10020094,3,3
10020094,4,5
10020094,5,2
10020094,6,5
10020094,7,2
10020094,8,3
10020094,9,5
10020094,10,2
10020094,11,3
10020094,12,4
10020094,13,4
10020094,14,5
10020094,16,4
10020094,17,4
10020094,19,5
10020094,20,5
10020094,21,5
10020094,22,5
10020094,23,3
10020094,24,4
10020094,25,4
10020094,26,3
10020094,27,5
10020094,28,5
10020094,29,5
10020094,30,5
10020094,32,4
10020094,33,4
10020094,52,5
10020094,59,2
10020094,63,3
10020094,66,2
10020100,1,6.8
10020100,2,6.8
10020100,3,7.4
10020100,4,6.8
10020100,5,7.5
10020100,7,6.8
10020100,8,5.2
10020100,9,6
10020100,10,6.4
10020100,11,9
10020100,12,8.6
10020100,13,5.9
10020100,16,7
10020100,19,4.4
10020100,20,6.6
10020100,21,4.9
10020100,22,4.1
10020100,25,6.1
10020100,26,4.5
10020100,32,7.8
10020107,1,3
10020107,2,3
10020107,6,3
10020107,7,3
10020107,8,4
10020107,9,4
10020107,10,1
10020107,11,3
10020107,12,5
10020107,13,3
10020107,14,5
10020107,15,5
10020107,16,5
10020107,17,5
10020107,20,5
10020107,21,4
10020107,22,4
10020107,23,5
10020107,26,2
10020107,32,5
10020111,1,3
10020111,2,3
10020111,3,3
10020111,4,3
10020111,5,2
10020111,6,3
10020111,7,2
10020111,8,2
10020111,9,3
10020111,10,1
10020111,11,2
10020111,12,4
10020111,13,1
10020111,14,3
10020111,15,3
10020111,16,2
10020111,17,3
10020111,19,2
10020111,20,2
10020111,21,3
10020111,22,1
10020111,23,2
10020111,24,2
10020111,25,1
10020111,26,3
10020111,27,3
10020111,28,2
10020111,29,3
10020111,30,2
10020111,32,1
10020111,33,1
10020111,48,3
10020111,49,3
10020111,52,4
10020111,56,3
10020111,62,2
10020111,63,3
10020111,66,1
10020111,67,2
10020119,1,3
10020119,2,3
10020119,3,3
10020119,4,3
10020119,5,1
10020119,6,3
10020119,7,2
10020119,8,3
10020119,9,3
10020119,10,2
10020119,11,2
10020119,12,2
10020119,13,4
10020119,14,3
10020119,15,1
10020119,16,2
10020119,17,3
10020119,19,2
10020119,20,2
10020119,21,3
10020119,22,1
10020119,23,2
10020119,24,3
10020119,25,2
10020119,26,3
10020119,27,2
10020119,28,1
10020119,29,5
10020119,30,2
10020119,32,3
10020119,33,4
10020119,45,2
10020119,52,1
10020119,53,3
10020119,58,1
10020119,63,2
10020119,66,2
10020119,67,1
10020119,78,1
10020128,1,3
10020128,2,3
10020128,3,2
10020128,4,3
10020128,5,2
10020128,6,2
10020128,7,2
10020128,8,4
10020128,9,4
10020128,10,2
10020128,11,2
10020128,12,2
10020128,13,2
10020128,14,3
10020128,15,2
10020128,16,2
10020128,17,2
10020128,19,2
10020128,20,3
10020128,21,1
10020128,22,1
10020128,23,2
10020128,24,3
10020128,25,2
10020128,26,3
10020128,27,2
10020128,28,3
10020128,29,2
10020128,30,3
10020128,32,1
10020128,33,1
10020128,40,3
10020128,45,2
10020128,48,3
10020128,49,1
10020128,52,3
10020128,63,2
10020128,66,1
10020128,67,1
10020150,1,2
10020150,2,2
10020150,3,3
10020150,4,2
10020150,5,2
10020150,6,2
10020150,7,4
10020150,8,4
10020150,9,3
10020150,10,2
10020150,11,2
10020150,12,3
10020150,13,4
10020150,14,3
10020150,15,2
10020150,16,3
10020150,17,4
10020150,19,4
10020150,20,2
10020150,21,3
10020150,22,3
10020150,23,3
10020150,24,4
10020150,25,2
10020150,26,3
10020150,27,2
10020150,28,3
10020150,29,2
10020150,30,3
10020150,32,4
10020150,33,3
10020150,40,3
10020150,43,1
10020150,45,2
10020150,52,4
10020150,63,3
10020150,66,1
10020150,67,1
10020150,78,2
10020139,1,4
10020139,2,4
10020139,3,2
10020139,4,2
10020139,5,3
10020139,6,1
10020139,7,2
10020139,8,3
10020139,9,3
10020139,10,2
10020139,11,3
10020139,12,3
10020139,13,2
10020139,14,4
10020139,15,4
10020139,16,2
10020139,17,4
10020139,19,2
10020139,20,2
10020139,21,4
10020139,22,1
10020139,23,1
10020139,24,2
10020139,25,2
10020139,26,2
10020139,27,3
10020139,28,3
10020139,29,2
10020139,30,3
10020139,32,4
10020139,33,3
10020139,48,2
10020139,49,4
10020139,52,2
10020139,56,2
10020139,62,2
10020139,63,5
10020139,66,2
10020139,67,2
10020139,70,5
10020146,1,2
10020146,2,2
10020146,3,3
10020146,4,5
10020146,5,1
10020146,6,2
10020146,7,3
10020146,8,2
10020146,9,3
10020146,10,2
10020146,11,2
10020146,12,2
10020146,13,3
10020146,14,4
10020146,15,1
10020146,16,3
10020146,17,4
10020146,19,4
10020146,20,4
10020146,21,3
10020146,22,2
10020146,23,4
10020146,24,4
10020146,25,4
10020146,26,1
10020146,27,5
10020146,28,5
10020146,29,4
10020146,30,2
10020146,32,3
10020146,33,3
10020146,45,2
10020146,47,3
10020146,52,3
10020146,53,5
10020146,56,1
10020146,61,1
10020146,62,2
10020146,63,3
10020146,66,1
10020146,68,1
10020464,1,3
10020464,2,3
10020464,3,3
10020464,4,1
10020464,5,4
10020464,6,4
10020464,7,1
10020464,8,1
10020464,9,2
10020464,10,2
10020464,11,2
10020464,12,3
10020464,13,2
10020464,14,3
10020464,15,2
10020464,16,2
10020464,17,3
10020464,19,4
10020464,20,3
10020464,21,3
10020464,22,4
10020464,23,3
10020464,24,4
10020464,25,2
10020464,26,2
10020464,27,3
10020464,28,4
10020464,29,3
10020464,30,3
10020464,32,3
10020464,33,4
10020464,43,2
10020464,45,2
10020464,48,3
10020464,52,4
10020464,58,3
10020464,63,3
10020464,66,1
10020464,67,2
10020156,1,3
10020156,2,3
10020156,3,3
10020156,4,3
10020156,5,1
10020156,6,2
10020156,7,3
10020156,8,3
10020156,9,3
10020156,10,4
10020156,11,3
10020156,12,4
10020156,13,1
10020156,14,4
10020156,15,4
10020156,16,3
10020156,17,3
10020156,19,2
10020156,20,3
10020156,21,3
10020156,22,1
10020156,23,3
10020156,24,4
10020156,25,1
10020156,26,3
10020156,27,1
10020156,28,2
10020156,29,2
10020156,30,2
10020156,32,2
10020156,33,3
10020156,48,4
10020156,49,3
10020156,51,5
10020156,52,3
10020156,58,2
10020156,63,3
10020156,66,1
10020156,67,1
10020156,78,1
10020162,1,3
10020162,2,3
10020162,3,3
10020162,4,2
10020162,5,2
10020162,6,2
10020162,7,2
10020162,8,2
10020162,9,4
10020162,10,1
10020162,11,3
10020162,12,1
10020162,13,2
10020162,14,3
10020162,15,2
10020162,16,3
10020162,17,4
10020162,19,3
10020162,20,3
10020162,21,4
10020162,22,2
10020162,23,3
10020162,24,3
10020162,25,2
10020162,26,2
10020162,27,2
10020162,28,2
10020162,29,2
10020162,30,1
10020162,32,1
10020162,33,1
10020162,48,2
10020162,51,5
10020162,52,4
10020162,53,3
10020162,56,4
10020162,58,2
10020162,63,2
10020162,66,1
10020162,67,2
10020171,1,3
10020171,2,3
10020171,3,3
10020171,4,3
10020171,5,1
10020171,6,1
10020171,7,3
10020171,8,3
10020171,9,3
10020171,10,2
10020171,11,3
10020171,12,2
10020171,13,4
10020171,14,3
10020171,15,2
10020171,16,1
10020171,17,4
10020171,19,3
10020171,20,2
10020171,21,3
10020171,22,3
10020171,23,2
10020171,24,3
10020171,25,3
10020171,26,2
10020171,27,1
10020171,28,3
10020171,29,3
10020171,30,3
10020171,32,3
10020171,33,1
10020171,45,3
10020171,49,2
10020171,51,5
10020171,52,3
10020171,58,2
10020171,63,2
10020171,66,2
10020171,67,1
10020171,78,2
10020500,1,3
10020500,2,3
10020500,3,3
10020500,4,3
10020500,5,2
10020500,6,4
10020500,7,3
10020500,8,2
10020500,9,4
10020500,10,2
10020500,11,3
10020500,12,4
10020500,13,3
10020500,14,5
10020500,15,3
10020500,16,4
10020500,17,3
10020500,19,3
10020500,20,2
10020500,21,3
10020500,22,3
10020500,23,2
10020500,24,3
10020500,25,3
10020500,26,4
10020500,27,2
10020500,28,3
10020500,29,3
10020500,30,3
10020500,32,2
10020500,33,3
10020500,49,4
10020500,52,5
10020500,56,4
10020500,58,3
10020500,61,2
10020500,63,2
10020500,66,2
10020500,67,2
10020500,78,2
10020177,1,6.3
10020177,2,6.3
10020177,3,6.2
10020177,4,7.2
10020177,5,7.2
10020177,6,7.9
10020177,7,5.6
10020177,8,6
10020177,9,5.2
10020177,10,6.9
10020177,12,6.9
10020177,13,5.5
10020177,14,5.05
10020177,19,6.9
10020177,22,5.6
10020177,23,5.6
10020177,25,6.2
10020177,32,5.2
10020189,1,3
10020189,2,3
10020189,3,2
10020189,4,2
10020189,5,2
10020189,6,2
10020189,7,2
10020189,8,3
10020189,9,3
10020189,10,1
10020189,11,2
10020189,12,3
10020189,13,4
10020189,14,3
10020189,15,4
10020189,16,2
10020189,17,3
10020189,19,2
10020189,20,1
10020189,21,3
10020189,22,3
10020189,23,3
10020189,24,2
10020189,25,1
10020189,26,3
10020189,27,2
10020189,28,3
10020189,29,4
10020189,30,2
10020189,32,3
10020189,33,1
10020189,40,2
10020189,49,3
10020189,52,2
10020189,56,4
10020189,58,2
10020189,63,4
10020189,66,2
10020189,67,2
10020194,1,3
10020194,2,3
10020194,3,2
10020194,4,2
10020194,5,1
10020194,6,1
10020194,7,3
10020194,8,3
10020194,9,4
10020194,10,1
10020194,11,2
10020194,12,4
10020194,13,1
10020194,14,4
10020194,15,4
10020194,16,2
10020194,17,3
10020194,19,3
10020194,20,2
10020194,21,2
10020194,22,1
10020194,23,2
10020194,24,4
10020194,25,2
10020194,26,2
10020194,27,2
10020194,28,3
10020194,29,2
10020194,30,1
10020194,32,1
10020194,33,2
10020194,40,2
10020194,43,4
10020194,45,2
10020194,49,4
10020194,51,5
10020194,52,3
10020194,63,2
10020194,66,1
10020194,67,1
10020205,1,3
10020205,2,3
10020205,3,2
10020205,4,3
10020205,5,1
10020205,6,1
10020205,7,2
10020205,8,2
10020205,9,3
10020205,10,1
10020205,11,1
10020205,12,3
10020205,13,1
10020205,14,5
10020205,15,5
10020205,16,2
10020205,17,5
10020205,19,1
10020205,20,2
10020205,21,5
10020205,22,2
10020205,23,2
10020205,24,2
10020205,25,1
10020205,26,2
10020205,27,3
10020205,29,2
10020205,30,3
10020205,31,2
10020205,32,5
10020205,33,3
10020205,45,2
10020205,52,1
10020205,53,3
10020205,58,1
10020205,63,3
10020205,66,5
10020205,68,5
10020205,78,5
10020213,1,4
10020213,2,4
10020213,3,3
10020213,4,3
10020213,5,1
10020213,6,1
10020213,7,3
10020213,8,3
10020213,9,3
10020213,10,1
10020213,11,3
10020213,12,3
10020213,13,2
10020213,14,5
10020213,15,3
10020213,16,3
10020213,17,4
10020213,19,2
10020213,20,3
10020213,21,2
10020213,22,3
10020213,23,4
10020213,24,4
10020213,25,2
10020213,26,2
10020213,27,2
10020213,28,3
10020213,29,3
10020213,30,3
10020213,32,3
10020213,33,4
10020213,49,3
10020213,52,3
10020213,56,5
10020213,58,1
10020213,60,5
10020213,61,2
10020213,62,3
10020213,63,4
10020213,66,1
10020213,68,3
10020213,78,2
10020219,1,3
10020219,2,3
10020219,3,3
10020219,4,3
10020219,5,2
10020219,6,3
10020219,7,2
10020219,8,3
10020219,9,4
10020219,10,1
10020219,11,3
10020219,12,5
10020219,13,3
10020219,14,5
10020219,15,3
10020219,16,3
10020219,17,4
10020219,19,3
10020219,20,2
10020219,21,3
10020219,22,1
10020219,23,4
10020219,24,3
10020219,25,3
10020219,26,2
10020219,27,2
10020219,28,3
10020219,29,3
10020219,30,3
10020219,32,2
10020219,33,2
10020219,49,3
10020219,51,5
10020219,52,2
10020219,56,4
10020219,62,2
10020219,63,3
10020219,66,2
10020219,67,1
10020219,78,4
10020224,1,2
10020224,2,2
10020224,3,3
10020224,4,3
10020224,5,3
10020224,6,3
10020224,7,3
10020224,8,2
10020224,9,4
10020224,10,2
10020224,11,3
10020224,12,3
10020224,13,4
10020224,14,5
10020224,15,2
10020224,16,4
10020224,17,4
10020224,19,3
10020224,20,1
10020224,21,2
10020224,22,2
10020224,23,2
10020224,24,3
10020224,25,2
10020224,26,2
10020224,27,3
10020224,28,3
10020224,29,3
10020224,30,2
10020224,32,4
10020224,33,2
10020224,40,2
10020224,49,4
10020224,52,3
10020224,56,2
10020224,61,1
10020224,62,3
10020224,63,4
10020224,66,1
10020224,67,2
10020224,68,5
10020227,1,3
10020227,2,3
10020227,3,3
10020227,4,4
10020227,5,3
10020227,6,3
10020227,7,3
10020227,8,3
10020227,9,4
10020227,10,2
10020227,11,3
10020227,12,4
10020227,13,2
10020227,14,5
10020227,15,3
10020227,16,4
10020227,17,4
10020227,19,3
10020227,20,2
10020227,21,3
10020227,22,4
10020227,23,2
10020227,24,4
10020227,25,2
10020227,26,3
10020227,27,2
10020227,28,2
10020227,29,2
10020227,30,2
10020227,32,3
10020227,33,4
10020227,52,4
10020227,56,4
10020227,58,1
10020227,61,2
10020227,62,3
10020227,63,3
10020227,66,2
10020227,67,2
10020240,1,3
10020240,2,3
10020240,3,3
10020240,4,2
10020240,5,4
10020240,6,1
10020240,7,3
10020240,8,4
10020240,9,4
10020240,10,4
10020240,11,3
10020240,12,2
10020240,13,2
10020240,14,4
10020240,15,3
10020240,16,3
10020240,17,3
10020240,19,3
10020240,20,1
10020240,21,2
10020240,22,3
10020240,23,2
10020240,24,2
10020240,25,3
10020240,26,2
10020240,27,2
10020240,28,1
10020240,29,2
10020240,30,3
10020240,32,2
10020240,33,2
10020240,43,2
10020240,45,2
10020240,49,2
10020240,52,3
10020240,63,3
10020240,66,1
10020240,67,1
10020240,78,2
10020256,1,2
10020256,2,2
10020256,3,4
10020256,4,3
10020256,5,2
10020256,6,3
10020256,7,3
10020256,8,4
10020256,9,3
10020256,10,1
10020256,11,2
10020256,12,3
10020256,13,1
10020256,14,5
10020256,15,3
10020256,16,4
10020256,17,4
10020256,19,2
10020256,20,3
10020256,21,4
10020256,22,4
10020256,23,4
10020256,24,4
10020256,25,2
10020256,26,3
10020256,27,3
10020256,28,3
10020256,29,2
10020256,30,3
10020256,32,2
10020256,33,3
10020256,43,3
10020256,45,2
10020256,49,4
10020256,52,4
10020256,63,3
10020256,66,1
10020256,67,1
10020256,78,2
10020475,1,3
10020475,2,3
10020475,3,3
10020475,4,4
10020475,5,2
10020475,6,3
10020475,7,2
10020475,8,3
10020475,9,3
10020475,10,3
10020475,11,1
10020475,12,3
10020475,13,1
10020475,14,4
10020475,15,2
10020475,16,1
10020475,17,4
10020475,19,2
10020475,20,4
10020475,21,1
10020475,22,2
10020475,23,2
10020475,24,2
10020475,25,1
10020475,26,1
10020475,27,2
10020475,28,4
10020475,29,2
10020475,30,2
10020475,32,1
10020475,33,3
10020475,43,1
10020475,45,2
10020475,48,3
10020475,52,4
10020475,58,2
10020475,63,3
10020475,66,1
10020475,67,2
10020267,1,2
10020267,2,5
10020267,3,3
10020267,4,3
10020267,5,2
10020267,6,5
10020267,7,1
10020267,8,2
10020267,9,1
10020267,10,3
10020267,11,3
10020267,12,3
10020267,13,3
10020267,14,2
10020267,15,5
10020267,16,4
10020267,17,4
10020267,19,3
10020267,20,4
10020267,21,3
10020267,22,4
10020267,23,3
10020267,24,2
10020267,25,2
10020267,26,3
10020267,27,5
10020267,28,4
10020267,29,2
10020267,30,4
10020267,31,2
10020267,32,3
10020267,33,2
10020267,45,5
10020267,46,3
10020267,47,5
10020267,48,4
10020267,52,5
10020267,59,3
10020267,61,2
10020267,62,5
10020267,63,3
10020267,66,5
10020267,68,2
10020291,1,2
10020291,2,2
10020291,3,2
10020291,4,2
10020291,5,2
10020291,6,4
10020291,7,3
10020291,8,3
10020291,9,3
10020291,10,1
10020291,11,1
10020291,12,3
10020291,13,4
10020291,14,5
10020291,15,4
10020291,16,2
10020291,17,3
10020291,19,1
10020291,20,3
10020291,21,2
10020291,22,3
10020291,23,4
10020291,24,3
10020291,25,2
10020291,26,2
10020291,27,2
10020291,28,2
10020291,29,2
10020291,30,3
10020291,32,2
10020291,33,1
10020291,40,1
10020291,43,3
10020291,45,1
10020291,52,4
10020291,56,4
10020291,63,3
10020291,66,1
10020291,67,1
10020278,1,3
10020278,2,3
10020278,3,3
10020278,4,2
10020278,5,1
10020278,6,3
10020278,7,3
10020278,8,4
10020278,9,4
10020278,10,2
10020278,11,3
10020278,12,5
10020278,13,3
10020278,14,4
10020278,15,4
10020278,16,4
10020278,17,4
10020278,19,3
10020278,20,2
10020278,21,1
10020278,22,1
10020278,23,3
10020278,24,4
10020278,25,2
10020278,26,3
10020278,27,2
10020278,28,2
10020278,29,1
10020278,30,2
10020278,32,2
10020278,33,2
10020278,52,3
10020278,53,2
10020278,56,3
10020278,58,1
10020278,63,3
10020278,66,1
10020278,67,1
10020278,78,2
10020282,1,3
10020282,2,3
10020282,3,3
10020282,4,2
10020282,5,1
10020282,6,1
10020282,7,2
10020282,8,2
10020282,9,1
10020282,10,4
10020282,11,3
10020282,12,4
10020282,13,4
10020282,14,2
10020282,15,2
10020282,16,2
10020282,17,3
10020282,19,4
10020282,20,3
10020282,21,3
10020282,22,1
10020282,23,3
10020282,24,2
10020282,25,1
10020282,26,5
10020282,27,5
10020282,28,3
10020282,29,5
10020282,30,3
10020282,32,2
10020282,33,1
10020282,48,5
10020282,49,5
10020282,52,2
10020282,55,4
10020282,56,5
10020282,62,3
10020282,63,3
10020282,64,4
10020282,66,1
10020282,67,5
10020282,68,5
10020282,69,2
10020282,70,3
10020282,71,3
10020287,1,3
10020287,2,3
10020287,3,2
10020287,4,3
10020287,5,2
10020287,6,3
10020287,7,3
10020287,8,2
10020287,9,3
10020287,10,4
10020287,11,3
10020287,12,3
10020287,13,1
10020287,14,4
10020287,15,3
10020287,16,3
10020287,17,3
10020287,19,3
10020287,20,2
10020287,21,2
10020287,22,3
10020287,23,4
10020287,24,3
10020287,25,2
10020287,26,2
10020287,27,5
10020287,28,2
10020287,29,5
10020287,30,5
10020287,32,4
10020287,33,4
10020287,43,5
10020287,45,5
10020287,49,4
10020287,51,5
10020287,52,1
10020287,56,5
10020287,60,5
10020287,61,3
10020287,62,5
10020287,63,3
10020287,66,1
10020287,67,5
10020287,68,5
10020287,70,5
10020287,78,5
10020298,1,3
10020298,2,3
10020298,3,4
10020298,4,4
10020298,5,1
10020298,6,1
10020298,7,3
10020298,8,3
10020298,9,4
10020298,10,2
10020298,11,2
10020298,12,3
10020298,13,4
10020298,14,5
10020298,15,3
10020298,16,1
10020298,17,3
10020298,19,4
10020298,20,1
10020298,21,1
10020298,22,3
10020298,23,3
10020298,24,4
10020298,25,3
10020298,26,3
10020298,27,2
10020298,28,1
10020298,29,5
10020298,30,3
10020298,32,3
10020298,33,3
10020298,49,3
10020298,51,5
10020298,52,2
10020298,56,2
10020298,61,1
10020298,62,1
10020298,63,3
10020298,66,1
10020298,68,2
10020298,78,2
10020306,1,3
10020306,2,3
10020306,3,3
10020306,4,3
10020306,5,2
10020306,6,3
10020306,7,1
10020306,8,2
10020306,9,3
10020306,10,3
10020306,11,4
10020306,12,2
10020306,13,2
10020306,14,4
10020306,15,2
10020306,16,3
10020306,17,2
10020306,19,3
10020306,20,3
10020306,21,2
10020306,22,3
10020306,23,3
10020306,24,3
10020306,25,2
10020306,26,3
10020306,27,3
10020306,28,4
10020306,29,2
10020306,30,2
10020306,32,3
10020306,33,2
10020306,43,1
10020306,48,3
10020306,52,3
10020306,56,4
10020306,62,2
10020306,63,3
10020306,66,2
10020306,67,1
10020506,1,3
10020506,2,3
10020506,3,3
10020506,4,4
10020506,5,3
10020506,6,2
10020506,7,3
10020506,8,3
10020506,9,4
10020506,10,3
10020506,11,2
10020506,12,3
10020506,13,4
10020506,14,3
10020506,15,4
10020506,16,3
10020506,17,4
10020506,19,4
10020506,20,4
10020506,21,4
10020506,22,4
10020506,23,3
10020506,24,3
10020506,25,3
10020506,26,3
10020506,27,2
10020506,28,3
10020506,29,2
10020506,30,2
10020506,32,4
10020506,33,2
10020506,48,3
10020506,49,3
10020506,52,3
10020506,56,3
10020506,58,1
10020506,61,1
10020506,63,3
10020506,66,1
10020506,68,2
10020312,1,3
10020312,2,3
10020312,3,2
10020312,4,2
10020312,5,4
10020312,6,3
10020312,7,3
10020312,8,2
10020312,9,2
10020312,10,4
10020312,11,2
10020312,12,3
10020312,13,4
10020312,14,3
10020312,15,3
10020312,16,3
10020312,17,3
10020312,19,4
10020312,20,3
10020312,21,3
10020312,22,2
10020312,23,4
10020312,24,2
10020312,25,4
10020312,26,2
10020312,27,2
10020312,28,3
10020312,29,3
10020312,30,2
10020312,32,2
10020312,33,2
10020312,40,2
10020312,49,2
10020312,52,4
10020312,56,2
10020312,61,1
10020312,62,2
10020312,63,2
10020312,66,2
10020312,68,2
10020480,1,3
10020480,2,3
10020480,3,3
10020480,4,2
10020480,5,1
10020480,6,3
10020480,7,2
10020480,8,2
10020480,9,3
10020480,10,3
10020480,11,3
10020480,12,3
10020480,13,1
10020480,14,4
10020480,15,3
10020480,16,2
10020480,17,3
10020480,19,3
10020480,20,2
10020480,21,3
10020480,22,3
10020480,23,3
10020480,24,4
10020480,25,3
10020480,26,2
10020480,27,3
10020480,28,5
10020480,29,4
10020480,30,2
10020480,32,2
10020480,33,3
10020480,45,3
10020480,48,2
10020480,49,5
10020480,52,2
10020480,56,4
10020480,61,1
10020480,63,4
10020480,66,2
10020480,68,2
10020480,78,2
10020332,1,3
10020332,2,3
10020332,3,3
10020332,4,3
10020332,5,3
10020332,6,3
10020332,7,3
10020332,8,4
10020332,9,4
10020332,10,4
10020332,11,3
10020332,12,3
10020332,13,2
10020332,14,3
10020332,15,3
10020332,16,2
10020332,17,3
10020332,19,3
10020332,20,4
10020332,21,2
10020332,22,3
10020332,23,4
10020332,24,4
10020332,25,4
10020332,26,4
10020332,27,1
10020332,28,3
10020332,29,2
10020332,30,3
10020332,32,2
10020332,33,3
10020332,40,2
10020332,43,2
10020332,45,1
10020332,52,3
10020332,61,2
10020332,63,3
10020332,66,2
10020332,67,2
10020332,68,3
10020332,78,2
10020335,1,2
10020335,2,2
10020335,3,2
10020335,4,3
10020335,5,3
10020335,6,2
10020335,7,3
10020335,8,3
10020335,9,1
10020335,10,1
10020335,11,1
10020335,12,3
10020335,13,2
10020335,14,2
10020335,15,3
10020335,16,4
10020335,17,3
10020335,19,4
10020335,20,1
10020335,21,3
10020335,22,2
10020335,23,4
10020335,24,2
10020335,25,2
10020335,26,1
10020335,27,2
10020335,28,3
10020335,29,3
10020335,30,2
10020335,32,2
10020335,33,1
10020335,48,2
10020335,52,3
10020335,56,2
10020335,62,2
10020335,63,3
10020335,66,2
10020335,67,1
10020335,70,2
10020350,1,3
10020350,2,3
10020350,3,3
10020350,4,3
10020350,5,2
10020350,6,3
10020350,7,3
10020350,8,4
10020350,9,3
10020350,10,3
10020350,11,2
10020350,12,2
10020350,13,2
10020350,14,4
10020350,15,2
10020350,16,2
10020350,17,1
10020350,19,1
10020350,20,3
10020350,21,2
10020350,22,1
10020350,23,2
10020350,24,2
10020350,25,3
10020350,26,1
10020350,27,2
10020350,28,2
10020350,29,1
10020350,30,2
10020350,32,1
10020350,33,1
10020350,40,2
10020350,45,1
10020350,49,2
10020350,52,2
10020350,63,1
10020350,66,1
10020350,67,1
10020350,78,1
10020351,1,3
10020351,2,3
10020351,3,3
10020351,4,3
10020351,5,3
10020351,6,4
10020351,7,3
10020351,8,3
10020351,9,2
10020351,10,3
10020351,11,2
10020351,12,2
10020351,13,1
10020351,14,5
10020351,15,2
10020351,16,4
10020351,17,2
10020351,19,2
10020351,20,2
10020351,21,3
10020351,22,2
10020351,23,4
10020351,24,2
10020351,25,2
10020351,26,1
10020351,27,3
10020351,28,2
10020351,29,3
10020351,30,3
10020351,32,2
10020351,33,2
10020351,45,2
10020351,49,3
10020351,52,1
10020351,56,3
10020351,62,4
10020351,63,2
10020351,66,2
10020351,67,1
10020351,78,2
10020354,1,3
10020354,2,3
10020354,3,3
10020354,4,3
10020354,5,1
10020354,6,2
10020354,7,3
10020354,8,3
10020354,9,3
10020354,10,3
10020354,11,2
10020354,12,2
10020354,13,1
10020354,14,5
10020354,15,3
10020354,16,4
10020354,17,3
10020354,19,3
10020354,20,2
10020354,21,3
10020354,22,1
10020354,23,4
10020354,24,3
10020354,25,2
10020354,26,3
10020354,27,2
10020354,28,2
10020354,29,3
10020354,30,1
10020354,32,3
10020354,33,3
10020354,40,2
10020354,45,1
10020354,51,1
10020354,52,1
10020354,63,2
10020354,66,2
10020354,67,1
10020354,78,2
10020360,1,2
10020360,2,2
10020360,3,3
10020360,4,3
10020360,5,2
10020360,6,3
10020360,7,3
10020360,8,3
10020360,9,3
10020360,10,2
10020360,11,3
10020360,12,3
10020360,13,2
10020360,14,5
10020360,15,2
10020360,16,2
10020360,17,4
10020360,19,2
10020360,20,2
10020360,21,1
10020360,22,1
10020360,23,3
10020360,24,3
10020360,25,2
10020360,26,3
10020360,27,2
10020360,28,1
10020360,29,2
10020360,30,1
10020360,32,1
10020360,33,3
10020360,40,2
10020360,43,4
10020360,45,3
10020360,51,5
10020360,52,3
10020360,56,3
10020360,61,1
10020360,63,2
10020360,66,1
10020360,68,1
10020376,1,3
10020376,2,3
10020376,3,3
10020376,4,2
10020376,5,2
10020376,6,3
10020376,7,2
10020376,8,1
10020376,9,2
10020376,10,3
10020376,11,2
10020376,12,3
10020376,13,1
10020376,14,3
10020376,15,3
10020376,16,3
10020376,17,4
10020376,19,3
10020376,20,1
10020376,21,4
10020376,22,1
10020376,23,2
10020376,24,2
10020376,25,2
10020376,26,1
10020376,27,5
10020376,28,2
10020376,29,4
10020376,30,2
10020376,32,2
10020376,33,2
10020376,40,2
10020376,43,2
10020376,48,2
10020376,49,1
10020376,52,4
10020376,56,3
10020376,63,2
10020376,66,1
10020376,67,1
10020380,1,3
10020380,2,3
10020380,3,2
10020380,4,3
10020380,5,2
10020380,6,3
10020380,7,2
10020380,8,3
10020380,9,3
10020380,10,2
10020380,11,3
10020380,12,4
10020380,13,4
10020380,14,4
10020380,15,2
10020380,16,1
10020380,17,3
10020380,19,2
10020380,20,2
10020380,21,1
10020380,22,2
10020380,23,2
10020380,24,3
10020380,25,2
10020380,26,2
10020380,27,2
10020380,28,3
10020380,29,2
10020380,30,2
10020380,32,3
10020380,33,3
10020380,40,2
10020380,52,3
10020380,56,3
10020380,58,2
10020380,63,2
10020380,66,1
10020380,67,1
10020380,78,2
10020388,1,2
10020388,2,2
10020388,3,3
10020388,4,2
10020388,5,1
10020388,6,1
10020388,7,3
10020388,8,3
10020388,9,4
10020388,10,2
10020388,11,3
10020388,12,3
10020388,13,3
10020388,14,4
10020388,15,4
10020388,16,3
10020388,17,4
10020388,19,3
10020388,20,3
10020388,21,3
10020388,22,3
10020388,23,4
10020388,24,4
10020388,25,3
10020388,26,3
10020388,27,3
10020388,28,3
10020388,29,4
10020388,30,3
10020388,32,4
10020388,33,3
10020388,40,3
10020388,45,5
10020388,51,5
10020388,52,3
10020388,56,5
10020388,61,1
10020388,62,2
10020388,63,3
10020388,64,1
10020388,66,2
10020388,68,1
10020388,78,4
10020402,1,4
10020402,2,4
10020402,3,3
10020402,4,3
10020402,5,3
10020402,6,5
10020402,7,3
10020402,8,4
10020402,9,3
10020402,10,1
10020402,11,3
10020402,12,3
10020402,13,5
10020402,14,3
10020402,15,2
10020402,16,3
10020402,17,3
10020402,19,3
10020402,20,3
10020402,21,3
10020402,22,2
10020402,23,2
10020402,24,2
10020402,25,4
10020402,26,4
10020402,27,3
10020402,28,3
10020402,29,4
10020402,30,4
10020402,32,4
10020402,33,3
10020402,48,3
10020402,49,2
10020402,52,4
10020402,56,4
10020402,58,2
10020402,61,1
10020402,63,4
10020402,66,1
10020402,68,3
10020412,1,3
10020412,2,3
10020412,3,3
10020412,4,2
10020412,5,1
10020412,6,3
10020412,7,2
10020412,8,3
10020412,9,3
10020412,10,3
10020412,11,3
10020412,12,3
10020412,13,2
10020412,14,3
10020412,15,3
10020412,16,1
10020412,17,3
10020412,19,3
10020412,20,3
10020412,21,3
10020412,22,3
10020412,23,3
10020412,24,3
10020412,25,2
10020412,26,4
10020412,27,1
10020412,28,4
10020412,29,4
10020412,30,4
10020412,32,1
10020412,33,1
10020412,40,3
10020412,45,2
10020412,48,2
10020412,49,2
10020412,52,1
10020412,56,4
10020412,61,1
10020412,63,3
10020412,66,1
10020412,68,5
10020424,1,6.9
10020424,2,6.9
10020424,5,8.4
10020424,6,5
10020424,7,7.5
10020424,8,6.4
10020424,10,6.8
10020424,11,5.6
10020424,13,6.1
10020424,26,6.9
10020424,32,6.8
10020408,1,3
10020408,2,3
10020408,3,2
10020408,4,2
10020408,5,1
10020408,6,2
10020408,7,3
10020408,8,4
10020408,9,3
10020408,10,3
10020408,11,4
10020408,12,4
10020408,13,3
10020408,14,3
10020408,15,2
10020408,16,2
10020408,17,3
10020408,19,2
10020408,20,2
10020408,21,3
10020408,22,1
10020408,23,2
10020408,24,3
10020408,25,2
10020408,26,2
10020408,27,3
10020408,28,2
10020408,29,2
10020408,30,2
10020408,32,1
10020408,33,2
10020408,43,2
10020408,48,2
10020408,49,2
10020408,52,1
10020408,58,2
10020408,63,3
10020408,66,1
10020408,67,1
10020428,1,3
10020428,2,3
10020428,3,2
10020428,4,3
10020428,5,3
10020428,6,2
10020428,7,2
10020428,8,3
10020428,9,4
10020428,10,3
10020428,11,2
10020428,12,2
10020428,13,2
10020428,14,4
10020428,15,3
10020428,16,3
10020428,17,3
10020428,19,1
10020428,20,4
10020428,21,3
10020428,22,3
10020428,23,1
10020428,24,3
10020428,25,2
10020428,26,3
10020428,27,3
10020428,28,2
10020428,29,1
10020428,30,2
10020428,32,1
10020428,33,2
10020428,49,1
10020428,52,3
10020428,53,2
10020428,56,2
10020428,58,1
10020428,63,2
10020428,66,1
10020428,67,1
10020444,1,3
10020444,2,3
10020444,3,3
10020444,4,3
10020444,5,3
10020444,6,3
10020444,7,3
10020444,8,2
10020444,9,3
10020444,10,2
10020444,11,4
10020444,12,3
10020444,13,3
10020444,14,4
10020444,15,3
10020444,16,3
10020444,17,4
10020444,19,2
10020444,20,3
10020444,21,3
10020444,22,3
10020444,23,3
10020444,24,3
10020444,25,2
10020444,26,1
10020444,27,3
10020444,28,3
10020444,29,2
10020444,30,2
10020444,32,1
10020444,33,3
10020444,43,3
10020444,48,3
10020444,49,2
10020444,52,3
10020444,56,5
10020444,62,2
10020444,63,3
10020444,66,1
10020444,67,2
10020444,78,2
9020002,14,0
9020002,19,5
9020002,22,6.9
9020002,25,8.2
9020002,32,6.6
10020005,1,3
10020005,2,3
10020005,3,4
10020005,4,3
10020005,5,4
10020005,6,2
10020005,7,3
10020005,8,4
10020005,9,4
10020005,10,3
10020005,11,3
10020005,12,4
10020005,13,3
10020005,14,3
10020005,15,4
10020005,16,5
10020005,17,3
10020005,19,3
10020005,20,1
10020005,21,2
10020005,22,3
10020005,23,3
10020005,24,3
10020005,25,2
10020005,26,1
10020005,27,3
10020005,28,4
10020005,29,5
10020005,30,3
10020005,32,3
10020005,33,3
10020005,43,5
10020005,49,2
10020005,52,4
10020005,56,5
10020005,58,1
10020005,61,1
10020005,62,2
10020005,63,3
10020005,66,1
10020005,68,1
10020005,78,2
10020010,1,3
10020010,2,3
10020010,3,3
10020010,4,2
10020010,5,2
10020010,6,3
10020010,7,4
10020010,8,3
10020010,9,3
10020010,10,1
10020010,11,2
10020010,12,2
10020010,13,3
10020010,14,3
10020010,15,1
10020010,16,2
10020010,17,3
10020010,19,2
10020010,20,3
10020010,21,2
10020010,22,1
10020010,23,2
10020010,24,3
10020010,25,1
10020010,26,2
10020010,27,2
10020010,28,2
10020010,29,3
10020010,30,2
10020010,32,2
10020010,33,2
10020010,40,2
10020010,45,2
10020010,52,3
10020010,58,1
10020010,63,2
10020010,66,1
10020010,67,1
10020010,78,2
10020016,1,3
10020016,2,3
10020016,3,3
10020016,4,2
10020016,5,2
10020016,6,3
10020016,7,3
10020016,8,3
10020016,9,4
10020016,10,2
10020016,11,3
10020016,12,2
10020016,13,3
10020016,14,4
10020016,15,4
10020016,16,2
10020016,17,4
10020016,19,2
10020016,20,3
10020016,21,3
10020016,22,3
10020016,23,4
10020016,24,3
10020016,25,2
10020016,26,2
10020016,27,3
10020016,28,2
10020016,29,3
10020016,30,2
10020016,32,3
10020016,33,3
10020016,40,1
10020016,43,2
10020016,45,2
10020016,52,4
10020016,63,3
10020016,66,2
10020016,67,5
10020016,78,2
10020025,1,3
10020025,2,3
10020025,3,2
10020025,4,4
10020025,5,5
10020025,6,2
10020025,7,3
10020025,8,4
10020025,9,5
10020025,10,3
10020025,11,4
10020025,12,4
10020025,13,4
10020025,14,4
10020025,15,4
10020025,16,4
10020025,17,4
10020025,19,3
10020025,20,1
10020025,21,2
10020025,22,3
10020025,23,3
10020025,24,4
10020025,25,2
10020025,26,2
10020025,27,4
10020025,28,5
10020025,29,5
10020025,30,2
10020025,31,5
10020025,32,3
10020025,33,2
10020025,47,1
10020025,52,3
10020025,56,5
10020025,61,2
10020025,62,5
10020025,63,5
10020025,66,4
10020025,68,5
10020025,78,2
10020498,1,3
10020498,2,3
10020498,3,4
10020498,4,3
10020498,5,2
10020498,6,2
10020498,7,4
10020498,8,4
10020498,10,3
10020498,11,4
10020498,12,4
10020498,13,4
10020498,14,5
10020498,15,4
10020498,16,4
10020498,17,4
10020498,19,5
10020498,20,1
10020498,21,4
10020498,22,3
10020498,23,2
10020498,24,4
10020498,25,3
10020498,26,4
10020498,28,5
10020498,29,5
10020498,30,4
10020498,32,4
10020498,33,4
10020498,40,4
10020498,45,3
10020498,49,3
10020498,53,2
10020498,63,3
10020498,66,1
10020042,1,4
10020042,2,4
10020042,3,3
10020042,4,2
10020042,5,2
10020042,6,1
10020042,7,3
10020042,8,3
10020042,9,3
10020042,10,2
10020042,11,2
10020042,12,2
10020042,13,4
10020042,14,5
10020042,15,2
10020042,16,4
10020042,17,4
10020042,19,3
10020042,20,1
10020042,21,3
10020042,22,1
10020042,23,3
10020042,24,3
10020042,25,3
10020042,26,2
10020042,27,3
10020042,28,4
10020042,29,2
10020042,30,3
10020042,32,3
10020042,33,2
10020042,48,3
10020042,52,4
10020042,53,3
10020042,62,2
10020042,63,3
10020042,66,2
10020042,67,1
10020042,78,2
10020047,1,2
10020047,2,2
10020047,3,3
10020047,4,3
10020047,5,1
10020047,6,3
10020047,7,2
10020047,8,2
10020047,9,3
10020047,10,1
10020047,11,4
10020047,12,3
10020047,13,3
10020047,14,5
10020047,15,3
10020047,16,2
10020047,17,3
10020047,19,1
10020047,20,2
10020047,21,3
10020047,22,1
10020047,23,4
10020047,24,3
10020047,25,1
10020047,26,3
10020047,27,3
10020047,28,3
10020047,29,3
10020047,30,1
10020047,32,2
10020047,33,3
10020047,40,2
10020047,52,2
10020047,53,4
10020047,56,4
10020047,61,1
10020047,63,2
10020047,66,1
10020047,67,1
10020060,1,4
10020060,2,4
10020060,3,3
10020060,4,2
10020060,5,2
10020060,6,4
10020060,7,2
10020060,8,3
10020060,9,4
10020060,10,1
10020060,11,3
10020060,12,3
10020060,13,2
10020060,14,2
10020060,15,2
10020060,16,3
10020060,17,4
10020060,19,3
10020060,20,1
10020060,21,2
10020060,22,2
10020060,23,3
10020060,24,3
10020060,25,2
10020060,26,4
10020060,27,2
10020060,28,2
10020060,29,1
10020060,30,2
10020060,32,3
10020060,33,4
10020060,45,3
10020060,49,2
10020060,52,4
10020060,58,2
10020060,61,2
10020060,63,3
10020060,66,1
10020060,68,2
10020060,78,2
10020055,1,3
10020055,2,3
10020055,5,4
10020055,6,4
10020055,7,3
10020055,8,3
10020055,9,5
10020055,10,4
10020055,11,5
10020055,12,5
10020055,13,5
10020055,14,5
10020055,15,5
10020055,16,5
10020055,17,5
10020055,20,5
10020055,21,4
10020055,22,4
10020055,23,5
10020055,24,5
10020055,25,3
10020055,26,4
10020055,27,5
10020055,28,5
10020055,29,5
10020055,30,5
10020055,33,5
10020055,52,5
10020055,63,5
10020055,66,5
10020067,1,3
10020067,2,3
10020067,3,3
10020067,4,3
10020067,5,3
10020067,6,3
10020067,7,4
10020067,8,4
10020067,9,3
10020067,10,2
10020067,11,1
10020067,12,1
10020067,13,3
10020067,14,3
10020067,15,4
10020067,16,3
10020067,17,4
10020067,19,3
10020067,20,3
10020067,21,2
10020067,22,2
10020067,23,3
10020067,24,3
10020067,25,1
10020067,26,2
10020067,27,4
10020067,28,1
10020067,29,3
10020067,30,3
10020067,32,2
10020067,33,3
10020067,45,2
10020067,49,1
10020067,52,1
10020067,58,2
10020067,61,1
10020067,63,2
10020067,66,3
10020067,68,2
10020067,78,2
10020073,1,4
10020073,2,4
10020073,3,3
10020073,4,2
10020073,5,2
10020073,6,2
10020073,7,2
10020073,8,3
10020073,9,4
10020073,10,1
10020073,11,2
10020073,12,4
10020073,13,1
10020073,14,4
10020073,15,1
10020073,16,3
10020073,17,2
10020073,19,2
10020073,20,2
10020073,21,4
10020073,22,1
10020073,23,2
10020073,24,3
10020073,25,1
10020073,26,3
10020073,27,1
10020073,28,2
10020073,29,3
10020073,30,2
10020073,32,1
10020073,33,2
10020073,40,2
10020073,45,3
10020073,52,2
10020073,58,1
10020073,63,2
10020073,66,1
10020073,67,1
10020073,78,2
10020081,1,3
10020081,2,3
10020081,3,2
10020081,4,3
10020081,5,1
10020081,6,1
10020081,7,2
10020081,8,2
10020081,9,3
10020081,10,3
10020081,11,3
10020081,12,3
10020081,13,2
10020081,14,3
10020081,15,3
10020081,16,3
10020081,17,4
10020081,19,2
10020081,20,4
10020081,21,3
10020081,22,3
10020081,23,3
10020081,24,4
10020081,25,2
10020081,26,3
10020081,27,2
10020081,28,2
10020081,29,3
10020081,30,2
10020081,32,2
10020081,33,2
10020081,40,2
10020081,45,2
10020081,52,4
10020081,58,1
10020081,63,1
10020081,66,1
10020081,67,2
10020081,78,2
10020089,1,2
10020089,2,2
10020089,3,2
10020089,4,3
10020089,5,2
10020089,6,2
10020089,7,2
10020089,8,3
10020089,9,4
10020089,10,1
10020089,11,2
10020089,12,3
10020089,13,2
10020089,14,4
10020089,15,3
10020089,16,3
10020089,17,3
10020089,19,2
10020089,20,2
10020089,21,3
10020089,22,1
10020089,23,4
10020089,24,3
10020089,25,2
10020089,26,1
10020089,27,2
10020089,28,2
10020089,29,2
10020089,30,2
10020089,32,2
10020089,33,2
10020089,43,5
10020089,45,5
10020089,49,3
10020089,52,1
10020089,56,4
10020089,58,1
10020089,63,3
10020089,66,1
10020089,67,5
10020089,78,2
10020099,1,3
10020099,2,3
10020099,3,3
10020099,4,3
10020099,5,2
10020099,6,3
10020099,7,3
10020099,8,3
10020099,9,2
10020099,10,2
10020099,11,2
10020099,12,3
10020099,13,3
10020099,14,5
10020099,15,4
10020099,16,3
10020099,17,3
10020099,19,2
10020099,20,4
10020099,21,1
10020099,22,4
10020099,23,4
10020099,24,3
10020099,25,3
10020099,26,2
10020099,27,4
10020099,28,2
10020099,29,3
10020099,30,4
10020099,32,3
10020099,33,3
10020099,45,3
10020099,49,2
10020099,52,4
10020099,56,4
10020099,58,1
10020099,61,1
10020099,63,3
10020099,66,1
10020099,68,3
10020105,1,3
10020105,2,3
10020105,3,3
10020105,4,4
10020105,5,2
10020105,6,1
10020105,7,2
10020105,8,2
10020105,9,3
10020105,10,2
10020105,11,2
10020105,12,3
10020105,13,1
10020105,14,4
10020105,15,3
10020105,16,2
10020105,17,4
10020105,19,2
10020105,20,1
10020105,21,3
10020105,22,2
10020105,23,3
10020105,24,4
10020105,25,3
10020105,26,3
10020105,27,2
10020105,28,4
10020105,29,3
10020105,30,3
10020105,32,1
10020105,33,3
10020105,48,4
10020105,51,5
10020105,52,2
10020105,56,5
10020105,58,2
10020105,61,2
10020105,62,5
10020105,63,3
10020105,66,3
10020105,67,5
10020105,78,3
10020124,1,3
10020124,2,3
10020124,3,3
10020124,4,2
10020124,5,2
10020124,6,4
10020124,7,3
10020124,8,2
10020124,9,3
10020124,10,2
10020124,11,1
10020124,12,4
10020124,13,4
10020124,14,4
10020124,15,2
10020124,16,4
10020124,17,4
10020124,19,3
10020124,20,4
10020124,21,3
10020124,22,2
10020124,23,3
10020124,24,3
10020124,25,1
10020124,26,4
10020124,27,3
10020124,28,3
10020124,29,3
10020124,30,2
10020124,32,3
10020124,33,4
10020124,49,2
10020124,51,5
10020124,52,4
10020124,56,4
10020124,58,1
10020124,61,1
10020124,62,2
10020124,63,3
10020124,66,1
10020124,68,3
9020194,1,3
9020194,2,3
9020194,3,5
9020194,5,1
9020194,6,4
9020194,7,3
9020194,8,2
9020194,9,3
9020194,10,5
9020194,11,3
9020194,12,5
9020194,13,5
9020194,14,5
9020194,16,5
9020194,17,5
9020194,20,5
9020194,21,5
9020194,22,3
9020194,23,4
9020194,24,5
9020194,25,4
9020194,26,3
9020194,33,5
9020194,63,5
10020461,1,2
10020461,2,2
10020461,3,3
10020461,4,4
10020461,5,2
10020461,6,3
10020461,7,2
10020461,8,3
10020461,9,3
10020461,10,3
10020461,11,3
10020461,12,4
10020461,13,4
10020461,14,4
10020461,15,4
10020461,16,3
10020461,17,4
10020461,19,4
10020461,20,4
10020461,21,4
10020461,22,3
10020461,23,4
10020461,24,3
10020461,25,2
10020461,26,3
10020461,27,4
10020461,28,5
10020461,29,4
10020461,30,2
10020461,32,3
10020461,33,4
10020461,49,4
10020461,52,4
10020461,53,3
10020461,56,5
10020461,58,4
10020461,61,1
10020461,62,5
10020461,63,3
10020461,66,2
10020461,68,5
10020461,70,4
10020501,1,3
10020501,2,3
10020501,3,4
10020501,4,2
10020501,5,2
10020501,6,4
10020501,7,3
10020501,8,3
10020501,9,4
10020501,10,3
10020501,11,3
10020501,12,3
10020501,13,3
10020501,14,4
10020501,15,3
10020501,16,4
10020501,17,3
10020501,19,4
10020501,20,3
10020501,21,4
10020501,22,3
10020501,23,3
10020501,24,3
10020501,25,1
10020501,26,4
10020501,27,3
10020501,28,3
10020501,29,1
10020501,30,3
10020501,32,4
10020501,33,3
10020501,40,2
10020501,45,2
10020501,52,3
10020501,56,3
10020501,58,1
10020501,63,3
10020501,66,1
10020501,67,2
10020147,1,2
10020147,2,2
10020147,3,3
10020147,4,3
10020147,5,1
10020147,6,2
10020147,7,3
10020147,8,3
10020147,9,2
10020147,10,2
10020147,11,3
10020147,12,4
10020147,13,3
10020147,14,5
10020147,15,3
10020147,16,3
10020147,17,3
10020147,19,2
10020147,20,2
10020147,21,3
10020147,22,1
10020147,23,4
10020147,24,3
10020147,25,1
10020147,26,2
10020147,27,2
10020147,28,1
10020147,29,2
10020147,30,2
10020147,32,1
10020147,33,4
10020147,49,3
10020147,52,3
10020147,56,4
10020147,58,2
10020147,61,1
10020147,63,2
10020147,66,2
10020147,68,3
10020147,78,2
10020169,1,3
10020169,2,3
10020169,3,3
10020169,4,3
10020169,5,3
10020169,6,2
10020169,7,3
10020169,8,4
10020169,9,4
10020169,10,4
10020169,11,1
10020169,12,3
10020169,13,3
10020169,14,4
10020169,15,3
10020169,16,3
10020169,17,3
10020169,19,4
10020169,20,3
10020169,21,3
10020169,22,1
10020169,23,3
10020169,24,4
10020169,25,3
10020169,26,4
10020169,27,3
10020169,28,2
10020169,29,3
10020169,30,3
10020169,32,2
10020169,33,3
10020169,45,4
10020169,49,3
10020169,51,5
10020169,52,1
10020169,58,1
10020169,61,2
10020169,62,2
10020169,63,3
10020169,66,2
10020169,68,2
10020169,78,2
10020465,1,3
10020465,2,3
10020465,3,3
10020465,4,4
10020465,5,3
10020465,6,1
10020465,7,3
10020465,8,4
10020465,9,4
10020465,10,5
10020465,11,4
10020465,12,3
10020465,13,3
10020465,14,4
10020465,15,3
10020465,16,4
10020465,17,3
10020465,19,3
10020465,20,2
10020465,21,2
10020465,22,2
10020465,23,4
10020465,24,4
10020465,25,2
10020465,26,3
10020465,27,4
10020465,28,2
10020465,29,3
10020465,30,3
10020465,32,3
10020465,33,3
10020465,40,4
10020465,45,2
10020465,49,2
10020465,51,5
10020465,52,5
10020465,53,3
10020465,61,1
10020465,63,4
10020465,66,1
10020465,68,2
10020159,1,3
10020159,2,3
10020159,3,3
10020159,4,3
10020159,5,2
10020159,6,2
10020159,7,3
10020159,8,2
10020159,9,3
10020159,10,2
10020159,11,3
10020159,12,3
10020159,13,2
10020159,14,3
10020159,15,4
10020159,16,2
10020159,17,3
10020159,19,2
10020159,20,2
10020159,21,2
10020159,22,4
10020159,23,2
10020159,24,4
10020159,25,2
10020159,26,3
10020159,27,3
10020159,28,3
10020159,29,3
10020159,30,4
10020159,32,3
10020159,33,4
10020159,40,3
10020159,49,2
10020159,52,5
10020159,53,3
10020159,56,5
10020159,61,1
10020159,63,4
10020159,66,5
10020159,68,1
10020159,70,3
10020178,1,3
10020178,2,3
10020178,3,2
10020178,4,3
10020178,5,3
10020178,6,3
10020178,7,3
10020178,8,3
10020178,9,4
10020178,10,3
10020178,11,2
10020178,12,2
10020178,13,3
10020178,14,3
10020178,15,3
10020178,16,3
10020178,17,4
10020178,19,5
10020178,20,3
10020178,21,3
10020178,22,1
10020178,23,3
10020178,24,3
10020178,25,1
10020178,26,3
10020178,27,1
10020178,28,4
10020178,29,2
10020178,30,1
10020178,32,5
10020178,33,3
10020178,49,3
10020178,52,1
10020178,53,2
10020178,56,2
10020178,62,1
10020178,63,2
10020178,66,1
10020178,67,2
10020181,1,3
10020181,2,3
10020181,3,2
10020181,4,2
10020181,5,1
10020181,6,2
10020181,7,2
10020181,8,3
10020181,9,4
10020181,10,2
10020181,11,1
10020181,12,3
10020181,13,4
10020181,14,5
10020181,15,3
10020181,16,2
10020181,17,4
10020181,19,3
10020181,20,1
10020181,21,2
10020181,22,2
10020181,23,2
10020181,24,3
10020181,25,1
10020181,26,3
10020181,27,2
10020181,28,3
10020181,29,2
10020181,30,2
10020181,32,1
10020181,33,2
10020181,48,2
10020181,51,2
10020181,52,3
10020181,56,3
10020181,58,2
10020181,61,1
10020181,63,4
10020181,66,1
10020181,68,2
10020181,72,1
10020186,1,3
10020186,2,3
10020186,3,2
10020186,4,3
10020186,5,3
10020186,6,5
10020186,7,3
10020186,8,3
10020186,9,3
10020186,10,4
10020186,11,2
10020186,12,3
10020186,13,4
10020186,14,4
10020186,15,4
10020186,16,3
10020186,17,4
10020186,19,4
10020186,20,4
10020186,21,3
10020186,22,2
10020186,23,2
10020186,24,4
10020186,25,2
10020186,26,3
10020186,27,3
10020186,28,5
10020186,29,5
10020186,30,2
10020186,32,3
10020186,33,3
10020186,49,5
10020186,52,4
10020186,53,4
10020186,56,5
10020186,62,5
10020186,63,3
10020186,66,3
10020196,1,3
10020196,2,3
10020196,3,3
10020196,4,2
10020196,5,2
10020196,6,1
10020196,7,3
10020196,8,3
10020196,9,3
10020196,10,2
10020196,11,2
10020196,12,2
10020196,13,3
10020196,14,3
10020196,15,2
10020196,16,3
10020196,17,3
10020196,19,2
10020196,20,2
10020196,21,2
10020196,22,2
10020196,23,2
10020196,24,2
10020196,25,2
10020196,26,1
10020196,27,2
10020196,28,2
10020196,29,4
10020196,30,3
10020196,32,2
10020196,33,2
10020196,43,2
10020196,48,1
10020196,49,2
10020196,52,4
10020196,61,1
10020196,62,1
10020196,63,4
10020196,66,1
10020196,68,3
10020206,1,3
10020206,2,3
10020206,3,2
10020206,4,3
10020206,5,3
10020206,6,4
10020206,7,3
10020206,8,3
10020206,9,3
10020206,10,3
10020206,11,1
10020206,12,5
10020206,13,1
10020206,14,3
10020206,15,4
10020206,16,4
10020206,17,2
10020206,19,2
10020206,20,2
10020206,21,2
10020206,22,2
10020206,23,3
10020206,24,3
10020206,25,2
10020206,26,1
10020206,27,3
10020206,28,3
10020206,29,3
10020206,30,4
10020206,32,2
10020206,33,4
10020206,40,5
10020206,45,2
10020206,47,1
10020206,48,5
10020206,51,5
10020206,52,4
10020206,56,5
10020206,58,3
10020206,60,5
10020206,61,1
10020206,62,1
10020206,63,4
10020206,66,2
10020206,68,2
10020206,70,5
10020206,78,5
10020502,1,3
10020502,2,3
10020502,3,3
10020502,4,3
10020502,5,3
10020502,6,4
10020502,7,3
10020502,8,4
10020502,9,4
10020502,10,3
10020502,11,2
10020502,12,5
10020502,13,2
10020502,14,4
10020502,15,3
10020502,16,3
10020502,17,4
10020502,19,3
10020502,20,3
10020502,21,3
10020502,22,3
10020502,23,3
10020502,24,4
10020502,25,3
10020502,26,1
10020502,27,4
10020502,28,3
10020502,29,2
10020502,30,3
10020502,32,4
10020502,33,4
10020502,45,3
10020502,52,5
10020502,56,4
10020502,58,2
10020502,61,1
10020502,62,5
10020502,63,3
10020502,66,2
10020502,68,2
10020502,78,2
10020220,1,4
10020220,2,4
10020220,3,3
10020220,4,2
10020220,5,1
10020220,6,4
10020220,7,3
10020220,8,3
10020220,9,3
10020220,10,2
10020220,11,1
10020220,12,4
10020220,13,2
10020220,14,4
10020220,15,3
10020220,16,3
10020220,17,3
10020220,19,2
10020220,20,2
10020220,21,3
10020220,22,1
10020220,23,4
10020220,24,4
10020220,25,3
10020220,26,1
10020220,27,3
10020220,28,3
10020220,29,2
10020220,30,2
10020220,32,2
10020220,33,4
10020220,43,5
10020220,48,2
10020220,51,5
10020220,52,2
10020220,53,3
10020220,56,4
10020220,61,1
10020220,62,3
10020220,63,3
10020220,66,2
10020220,68,2
10020228,1,3
10020228,2,3
10020228,3,2
10020228,4,2
10020228,5,2
10020228,6,4
10020228,7,4
10020228,8,3
10020228,9,4
10020228,10,1
10020228,11,3
10020228,12,2
10020228,13,3
10020228,14,4
10020228,15,3
10020228,16,3
10020228,17,3
10020228,19,3
10020228,20,3
10020228,21,2
10020228,22,2
10020228,23,3
10020228,24,3
10020228,25,2
10020228,26,4
10020228,27,3
10020228,28,2
10020228,29,3
10020228,30,2
10020228,32,3
10020228,33,2
10020228,45,2
10020228,49,2
10020228,52,4
10020228,58,1
10020228,61,1
10020228,63,3
10020228,66,1
10020228,68,2
10020228,78,2
10020238,1,3
10020238,2,3
10020238,3,3
10020238,4,3
10020238,5,1
10020238,6,3
10020238,7,3
10020238,8,3
10020238,9,4
10020238,10,1
10020238,11,2
10020238,12,2
10020238,13,3
10020238,14,4
10020238,15,2
10020238,16,3
10020238,17,2
10020238,19,2
10020238,20,2
10020238,21,1
10020238,22,3
10020238,23,2
10020238,24,2
10020238,25,1
10020238,26,3
10020238,27,3
10020238,28,3
10020238,29,3
10020238,30,3
10020238,32,2
10020238,33,3
10020238,45,2
10020238,49,2
10020238,52,3
10020238,58,1
10020238,61,1
10020238,63,3
10020238,66,1
10020238,68,4
10020238,78,2
10020243,1,2
10020243,2,2
10020243,3,2
10020243,4,4
10020243,5,1
10020243,6,2
10020243,7,3
10020243,8,3
10020243,9,4
10020243,10,1
10020243,11,3
10020243,12,3
10020243,13,2
10020243,14,5
10020243,15,3
10020243,16,2
10020243,17,4
10020243,19,2
10020243,20,3
10020243,21,3
10020243,22,3
10020243,23,4
10020243,24,4
10020243,25,1
10020243,26,2
10020243,27,3
10020243,28,2
10020243,29,2
10020243,30,2
10020243,32,3
10020243,33,2
10020243,45,5
10020243,49,4
10020243,51,5
10020243,52,2
10020243,53,2
10020243,56,4
10020243,58,3
10020243,61,3
10020243,63,4
10020243,66,3
10020243,67,5
10020243,68,3
10020268,1,7.7
10020268,2,7.7
10020268,5,7.3
10020268,8,6.7
10020268,10,6.1
10020268,13,4.2
10020274,1,5
10020274,2,5
10020274,3,5
10020274,4,5
10020274,5,4
10020274,6,4
10020274,7,3
10020274,8,3
10020274,9,4
10020274,10,3
10020274,11,2
10020274,12,4
10020274,13,3
10020274,14,5
10020274,15,3
10020274,16,5
10020274,17,5
10020274,19,2
10020274,20,3
10020274,21,2
10020274,22,1
10020274,23,4
10020274,25,1
10020274,26,5
10020274,28,5
10020274,29,5
10020274,30,3
10020274,32,5
10020274,33,5
10020274,45,5
10020274,49,5
10020274,56,5
10020274,62,4
10020274,66,2
10020274,70,5
10020289,1,2
10020289,2,2
10020289,3,3
10020289,4,2
10020289,5,3
10020289,6,3
10020289,7,3
10020289,8,3
10020289,9,3
10020289,10,3
10020289,11,1
10020289,12,1
10020289,13,4
10020289,14,3
10020289,15,3
10020289,16,4
10020289,17,4
10020289,19,4
10020289,20,3
10020289,21,3
10020289,22,3
10020289,23,4
10020289,24,4
10020289,25,2
10020289,26,1
10020289,27,4
10020289,28,3
10020289,29,2
10020289,30,2
10020289,32,3
10020289,33,3
10020289,51,5
10020289,52,1
10020289,53,3
10020289,56,4
10020289,61,1
10020289,62,3
10020289,63,4
10020289,66,1
10020289,67,2
10020283,1,3
10020283,2,3
10020283,3,3
10020283,4,3
10020283,5,2
10020283,6,3
10020283,7,4
10020283,8,4
10020283,9,3
10020283,10,4
10020283,11,3
10020283,12,5
10020283,13,3
10020283,14,3
10020283,15,3
10020283,16,4
10020283,17,3
10020283,19,2
10020283,20,4
10020283,21,3
10020283,22,3
10020283,23,3
10020283,24,4
10020283,25,2
10020283,26,2
10020283,27,3
10020283,28,3
10020283,29,5
10020283,30,3
10020283,32,3
10020283,33,2
10020283,45,3
10020283,49,4
10020283,52,5
10020283,58,4
10020283,61,1
10020283,63,4
10020283,66,3
10020283,68,1
10020283,78,2
10020504,1,3
10020504,2,3
10020504,3,3
10020504,4,3
10020504,5,4
10020504,6,2
10020504,7,4
10020504,8,4
10020504,9,4
10020504,10,3
10020504,11,2
10020504,12,5
10020504,13,2
10020504,14,5
10020504,15,3
10020504,16,3
10020504,17,4
10020504,19,3
10020504,20,4
10020504,21,4
10020504,22,3
10020504,23,4
10020504,24,3
10020504,25,2
10020504,26,3
10020504,27,2
10020504,28,2
10020504,29,2
10020504,30,3
10020504,32,3
10020504,33,4
10020504,40,3
10020504,48,2
10020504,49,4
10020504,52,4
10020504,56,5
10020504,61,1
10020504,62,2
10020504,63,4
10020504,66,1
10020504,68,1
10020505,1,2
10020505,2,2
10020505,3,3
10020505,4,2
10020505,5,4
10020505,6,5
10020505,7,3
10020505,8,3
10020505,9,3
10020505,10,2
10020505,11,4
10020505,12,3
10020505,13,2
10020505,14,4
10020505,15,2
10020505,16,4
10020505,17,1
10020505,19,2
10020505,20,4
10020505,21,3
10020505,22,4
10020505,23,3
10020505,24,4
10020505,25,3
10020505,26,4
10020505,27,4
10020505,28,5
10020505,29,5
10020505,30,3
10020505,32,4
10020505,33,4
10020505,45,4
10020505,48,4
10020505,52,5
10020505,56,4
10020505,58,1
10020505,61,1
10020505,62,5
10020505,63,3
10020505,66,2
10020505,68,1
10020304,1,2
10020304,2,2
10020304,3,4
10020304,4,5
10020304,5,3
10020304,6,3
10020304,7,3
10020304,8,3
10020304,9,3
10020304,10,2
10020304,11,2
10020304,12,3
10020304,13,4
10020304,14,4
10020304,15,4
10020304,16,2
10020304,17,4
10020304,19,3
10020304,20,4
10020304,21,1
10020304,22,3
10020304,23,4
10020304,24,3
10020304,25,2
10020304,26,1
10020304,27,3
10020304,28,2
10020304,29,3
10020304,30,1
10020304,32,3
10020304,33,4
10020304,49,3
10020304,52,4
10020304,53,2
10020304,56,3
10020304,61,1
10020304,62,2
10020304,63,3
10020304,66,1
10020304,67,5
10020304,68,2
10020313,6,7.7
10020313,7,6.8
10020313,8,4.6
10020313,10,6.5
10020313,11,5.8
10020313,14,4.8
10020313,23,1
10020313,26,0
10020313,63,3.6
10020320,1,4
10020320,2,4
10020320,3,4
10020320,4,2
10020320,5,3
10020320,6,3
10020320,7,3
10020320,8,3
10020320,9,3
10020320,10,1
10020320,11,4
10020320,12,3
10020320,13,3
10020320,14,5
10020320,15,3
10020320,16,2
10020320,17,4
10020320,19,3
10020320,20,3
10020320,21,1
10020320,22,2
10020320,23,3
10020320,24,2
10020320,25,1
10020320,26,1
10020320,27,3
10020320,28,2
10020320,29,3
10020320,30,2
10020320,32,2
10020320,33,2
10020320,43,1
10020320,45,3
10020320,52,3
10020320,58,3
10020320,63,3
10020320,66,1
10020320,67,1
10020320,78,1
10020507,1,3
10020507,2,3
10020507,3,4
10020507,4,3
10020507,5,3
10020507,6,3
10020507,7,4
10020507,8,4
10020507,9,3
10020507,10,5
10020507,11,3
10020507,12,5
10020507,13,4
10020507,14,5
10020507,15,3
10020507,16,2
10020507,17,4
10020507,19,3
10020507,20,4
10020507,21,2
10020507,22,3
10020507,23,4
10020507,24,4
10020507,25,3
10020507,26,4
10020507,27,2
10020507,28,3
10020507,29,2
10020507,30,3
10020507,32,4
10020507,33,4
10020507,48,4
10020507,49,3
10020507,52,4
10020507,53,2
10020507,61,2
10020507,62,3
10020507,63,4
10020507,66,3
10020507,68,3
10020336,1,3
10020336,2,3
10020336,3,3
10020336,4,4
10020336,5,1
10020336,6,2
10020336,7,4
10020336,8,4
10020336,9,4
10020336,10,3
10020336,11,1
10020336,12,3
10020336,13,2
10020336,14,4
10020336,15,3
10020336,16,5
10020336,17,4
10020336,19,4
10020336,20,3
10020336,21,3
10020336,22,1
10020336,23,3
10020336,24,3
10020336,25,2
10020336,26,2
10020336,27,2
10020336,28,5
10020336,29,5
10020336,30,3
10020336,32,2
10020336,33,3
10020336,49,3
10020336,52,1
10020336,53,5
10020336,56,5
10020336,62,3
10020336,63,4
10020336,64,1
10020336,66,5
10020336,67,5
10020336,78,4
10020352,1,6.6
10020352,2,6.6
10020352,3,7.4
10020352,4,7
10020352,5,8.6
10020352,6,8.2
10020352,7,7.2
10020352,8,7.1
10020352,9,5.9
10020352,10,7.7
10020352,11,5
10020352,12,7.9
10020352,13,4.7
10020352,14,4.65
10020352,16,7.3
10020352,19,6.5
10020352,20,7.3
10020352,21,10
10020352,22,8.8
10020352,23,6.7
10020352,25,7.4
10020352,26,5.8
10020352,32,6.9
10020355,1,6.4
10020355,2,6.4
10020355,3,7.5
10020355,4,7.1
10020355,5,8.9
10020355,6,5.7
10020355,7,7.5
10020355,8,6
10020355,10,7.5
10020355,11,5.2
10020355,13,7.9
10020355,14,6.4
10020355,16,7.9
10020355,19,8.7
10020355,20,8.7
10020355,21,7
10020355,22,9.5
10020355,23,8.4
10020355,25,8
10020355,26,7.7
10020355,32,7.9
10020358,1,3
10020358,2,3
10020358,3,4
10020358,4,3
10020358,5,2
10020358,6,1
10020358,7,4
10020358,8,4
10020358,9,3
10020358,10,3
10020358,11,3
10020358,12,3
10020358,13,3
10020358,14,5
10020358,15,3
10020358,16,5
10020358,17,2
10020358,19,2
10020358,20,3
10020358,21,2
10020358,22,1
10020358,23,3
10020358,24,4
10020358,25,2
10020358,26,2
10020358,27,3
10020358,28,2
10020358,29,3
10020358,30,2
10020358,32,2
10020358,33,3
10020358,40,4
10020358,45,4
10020358,49,4
10020358,52,4
10020358,58,1
10020358,61,1
10020358,63,3
10020358,66,1
10020358,68,3
10020361,1,4
10020361,2,4
10020361,3,3
10020361,4,3
10020361,5,2
10020361,6,2
10020361,7,2
10020361,8,4
10020361,9,4
10020361,10,1
10020361,11,2
10020361,12,1
10020361,13,2
10020361,14,3
10020361,15,1
10020361,16,1
10020361,17,1
10020361,19,1
10020361,20,2
10020361,21,2
10020361,22,1
10020361,23,2
10020361,24,2
10020361,25,1
10020361,26,2
10020361,27,2
10020361,28,2
10020361,29,2
10020361,30,1
10020361,32,1
10020361,33,1
10020361,40,2
10020361,45,2
10020361,49,1
10020361,52,3
10020361,56,3
10020361,63,3
10020361,66,1
10020361,67,1
10020365,1,3
10020365,2,3
10020365,3,4
10020365,4,3
10020365,5,1
10020365,6,1
10020365,7,2
10020365,8,3
10020365,9,3
10020365,10,1
10020365,11,3
10020365,12,2
10020365,13,2
10020365,14,4
10020365,15,3
10020365,16,2
10020365,17,2
10020365,19,3
10020365,20,2
10020365,21,1
10020365,22,1
10020365,23,3
10020365,24,4
10020365,25,2
10020365,26,2
10020365,27,2
10020365,28,3
10020365,29,2
10020365,30,2
10020365,32,2
10020365,33,3
10020365,40,3
10020365,45,2
10020365,48,4
10020365,52,3
10020365,63,3
10020365,66,1
10020365,67,1
10020365,78,2
10020378,1,3
10020378,2,3
10020378,3,3
10020378,4,2
10020378,5,3
10020378,6,2
10020378,7,3
10020378,8,3
10020378,9,4
10020378,10,2
10020378,11,1
10020378,12,2
10020378,13,2
10020378,14,4
10020378,15,3
10020378,16,4
10020378,17,3
10020378,19,3
10020378,20,3
10020378,21,3
10020378,22,2
10020378,23,5
10020378,24,3
10020378,25,1
10020378,26,3
10020378,27,4
10020378,28,2
10020378,29,3
10020378,30,3
10020378,32,2
10020378,33,2
10020378,40,2
10020378,45,2
10020378,52,4
10020378,56,3
10020378,63,3
10020378,66,1
10020378,67,1
10020378,78,2
10020487,1,2
10020487,2,2
10020487,3,3
10020487,4,3
10020487,5,1
10020487,6,2
10020487,7,3
10020487,8,3
10020487,9,3
10020487,10,2
10020487,11,3
10020487,12,4
10020487,13,2
10020487,14,3
10020487,15,2
10020487,16,3
10020487,17,2
10020487,19,2
10020487,20,3
10020487,21,3
10020487,22,3
10020487,23,3
10020487,24,4
10020487,25,1
10020487,26,3
10020487,27,2
10020487,28,2
10020487,29,4
10020487,30,2
10020487,32,1
10020487,33,2
10020487,45,2
10020487,49,2
10020487,52,4
10020487,58,1
10020487,61,1
10020487,63,2
10020487,66,1
10020487,68,1
10020487,78,2
10020413,1,4
10020413,2,4
10020413,3,2
10020413,4,2
10020413,5,2
10020413,6,4
10020413,7,3
10020413,8,2
10020413,9,3
10020413,10,3
10020413,11,2
10020413,12,4
10020413,13,5
10020413,14,3
10020413,15,3
10020413,16,3
10020413,17,2
10020413,19,2
10020413,20,4
10020413,21,1
10020413,22,2
10020413,23,3
10020413,24,3
10020413,25,2
10020413,26,3
10020413,27,3
10020413,28,1
10020413,29,2
10020413,30,1
10020413,32,1
10020413,33,2
10020413,40,2
10020413,45,2
10020413,52,3
10020413,58,1
10020413,63,2
10020413,66,1
10020413,67,2
10020413,78,2
10020421,1,3
10020421,2,3
10020421,3,2
10020421,4,3
10020421,5,1
10020421,6,3
10020421,7,2
10020421,8,2
10020421,9,3
10020421,10,3
10020421,11,3
10020421,12,5
10020421,13,4
10020421,14,4
10020421,15,3
10020421,16,2
10020421,17,2
10020421,19,1
10020421,20,2
10020421,21,3
10020421,22,1
10020421,23,3
10020421,24,3
10020421,25,2
10020421,26,1
10020421,27,2
10020421,28,3
10020421,29,3
10020421,30,2
10020421,32,2
10020421,33,3
10020421,40,3
10020421,45,2
10020421,48,2
10020421,52,4
10020421,63,2
10020421,66,2
10020421,67,1
10020421,78,2
10020425,1,3
10020425,2,3
10020425,3,3
10020425,4,2
10020425,5,2
10020425,6,3
10020425,7,3
10020425,8,3
10020425,9,3
10020425,10,2
10020425,11,2
10020425,12,3
10020425,13,3
10020425,14,3
10020425,15,3
10020425,16,3
10020425,17,4
10020425,19,1
10020425,20,2
10020425,21,2
10020425,22,3
10020425,23,3
10020425,24,2
10020425,25,2
10020425,26,3
10020425,27,4
10020425,28,2
10020425,29,3
10020425,30,2
10020425,32,2
10020425,33,2
10020425,49,2
10020425,52,3
10020425,56,4
10020425,58,1
10020425,61,1
10020425,63,3
10020425,66,1
10020425,68,2
10020425,78,2
10020406,1,3
10020406,2,3
10020406,3,3
10020406,4,2
10020406,5,2
10020406,6,1
10020406,7,3
10020406,8,3
10020406,9,4
10020406,10,2
10020406,11,3
10020406,12,2
10020406,13,1
10020406,14,3
10020406,15,1
10020406,16,3
10020406,17,2
10020406,19,2
10020406,20,1
10020406,21,3
10020406,22,1
10020406,23,1
10020406,24,3
10020406,25,1
10020406,26,3
10020406,27,1
10020406,28,1
10020406,29,2
10020406,30,2
10020406,32,1
10020406,33,2
10020406,40,2
10020406,43,2
10020406,45,2
10020406,51,2
10020406,52,1
10020406,63,1
10020406,66,1
10020406,67,1
10020409,1,4
10020409,2,4
10020409,3,3
10020409,4,3
10020409,5,2
10020409,6,1
10020409,7,4
10020409,8,4
10020409,9,3
10020409,10,1
10020409,11,3
10020409,12,3
10020409,13,3
10020409,14,4
10020409,15,2
10020409,16,2
10020409,17,3
10020409,19,2
10020409,20,3
10020409,21,2
10020409,22,3
10020409,23,2
10020409,24,2
10020409,25,1
10020409,26,1
10020409,27,1
10020409,28,3
10020409,29,2
10020409,30,2
10020409,32,3
10020409,33,2
10020409,43,2
10020409,45,2
10020409,49,1
10020409,52,2
10020409,56,3
10020409,63,3
10020409,66,1
10020409,67,1
10020439,1,4
10020439,2,4
10020439,3,3
10020439,4,4
10020439,5,4
10020439,6,1
10020439,7,3
10020439,8,4
10020439,9,3
10020439,10,4
10020439,11,3
10020439,12,4
10020439,13,4
10020439,14,2
10020439,15,3
10020439,16,3
10020439,17,4
10020439,19,3
10020439,20,3
10020439,21,3
10020439,22,2
10020439,23,5
10020439,24,3
10020439,25,3
10020439,26,3
10020439,27,4
10020439,28,4
10020439,29,4
10020439,30,2
10020439,31,2
10020439,32,5
10020439,33,4
10020439,47,3
10020439,49,3
10020439,52,2
10020439,53,3
10020439,56,4
10020439,60,4
10020439,63,3
10020439,66,3
10020439,68,3
10020445,1,3
10020445,2,3
10020445,3,2
10020445,4,3
10020445,5,2
10020445,6,3
10020445,7,3
10020445,8,3
10020445,9,3
10020445,10,2
10020445,11,4
10020445,12,3
10020445,13,2
10020445,14,3
10020445,15,2
10020445,16,3
10020445,17,2
10020445,19,2
10020445,20,2
10020445,21,1
10020445,22,1
10020445,23,3
10020445,24,3
10020445,25,2
10020445,26,2
10020445,27,1
10020445,28,1
10020445,29,2
10020445,30,1
10020445,32,1
10020445,33,3
10020445,43,1
10020445,52,2
10020445,58,3
10020445,63,1
10020445,66,1
10020445,67,1
10020445,70,2
10020445,78,1
10020013,1,2
10020013,2,2
10020013,3,4
10020013,4,4
10020013,5,1
10020013,6,2
10020013,7,3
10020013,8,2
10020013,9,3
10020013,10,2
10020013,11,4
10020013,12,2
10020013,13,1
10020013,14,5
10020013,15,3
10020013,16,4
10020013,17,4
10020013,19,4
10020013,20,4
10020013,21,3
10020013,22,3
10020013,23,4
10020013,24,3
10020013,25,3
10020013,26,4
10020013,27,3
10020013,28,3
10020013,29,3
10020013,30,3
10020013,32,5
10020013,33,4
10020013,48,3
10020013,49,4
10020013,52,1
10020013,56,5
10020013,61,2
10020013,62,4
10020013,63,3
10020013,66,1
10020013,68,4
10020013,78,2
10020446,1,3
10020446,2,3
10020446,3,1
10020446,4,2
10020446,5,1
10020446,6,2
10020446,7,3
10020446,8,3
10020446,9,4
10020446,10,2
10020446,11,3
10020446,12,3
10020446,13,3
10020446,14,5
10020446,15,2
10020446,16,3
10020446,17,3
10020446,19,4
10020446,20,1
10020446,21,2
10020446,22,1
10020446,23,3
10020446,24,3
10020446,25,1
10020446,26,2
10020446,27,1
10020446,28,1
10020446,29,2
10020446,30,2
10020446,32,3
10020446,33,1
10020446,40,2
10020446,43,1
10020446,45,1
10020446,49,2
10020446,52,4
10020446,63,4
10020446,66,2
10020446,67,1
10020019,1,3
10020019,2,3
10020019,3,2
10020019,4,2
10020019,5,2
10020019,6,2
10020019,7,3
10020019,8,3
10020019,9,3
10020019,10,2
10020019,11,1
10020019,12,1
10020019,13,4
10020019,14,4
10020019,15,1
10020019,16,2
10020019,17,2
10020019,19,2
10020019,20,3
10020019,21,2
10020019,22,3
10020019,23,2
10020019,24,3
10020019,25,2
10020019,26,3
10020019,27,3
10020019,28,1
10020019,29,4
10020019,30,2
10020019,32,2
10020019,33,3
10020019,49,2
10020019,51,5
10020019,52,4
10020019,53,3
10020019,56,3
10020019,62,3
10020019,63,2
10020019,66,2
10020019,67,2
10020019,70,5
10020447,1,2
10020447,2,2
10020447,3,2
10020447,4,2
10020447,5,1
10020447,6,1
10020447,7,2
10020447,8,3
10020447,9,3
10020447,10,3
10020447,11,2
10020447,12,1
10020447,13,3
10020447,14,4
10020447,15,3
10020447,16,1
10020447,17,3
10020447,19,2
10020447,20,1
10020447,21,2
10020447,22,2
10020447,23,2
10020447,24,2
10020447,25,2
10020447,26,3
10020447,27,1
10020447,28,1
10020447,29,1
10020447,30,1
10020447,32,1
10020447,33,1
10020447,43,2
10020447,45,2
10020447,49,2
10020447,52,4
10020447,56,1
10020447,58,1
10020447,63,4
10020447,66,1
10020447,67,2
10020447,78,1
10020022,5,3
10020022,6,4
10020022,7,3
10020022,8,3
10020022,9,5
10020022,10,5
10020022,11,3
10020022,12,5
10020022,13,5
10020022,14,5
10020022,16,5
10020022,17,5
10020022,20,5
10020022,21,5
10020022,26,5
10020033,1,2
10020033,2,2
10020033,3,3
10020033,4,2
10020033,5,3
10020033,6,2
10020033,7,1
10020033,8,3
10020033,9,3
10020033,10,2
10020033,11,1
10020033,12,2
10020033,13,4
10020033,14,3
10020033,15,3
10020033,16,2
10020033,17,3
10020033,19,1
10020033,20,2
10020033,21,1
10020033,22,1
10020033,23,2
10020033,24,2
10020033,25,2
10020033,26,4
10020033,27,1
10020033,28,1
10020033,29,3
10020033,30,2
10020033,32,2
10020033,33,1
10020033,43,1
10020033,45,1
10020033,49,1
10020033,51,2
10020033,52,3
10020033,56,1
10020033,63,3
10020033,66,1
10020033,67,1
10020044,1,3
10020044,2,3
10020044,3,3
10020044,4,3
10020044,5,2
10020044,6,3
10020044,7,2
10020044,8,3
10020044,9,3
10020044,10,2
10020044,11,1
10020044,12,3
10020044,13,1
10020044,14,4
10020044,15,3
10020044,16,3
10020044,17,2
10020044,19,1
10020044,20,2
10020044,21,4
10020044,22,1
10020044,23,4
10020044,24,3
10020044,25,3
10020044,26,3
10020044,27,2
10020044,28,2
10020044,29,1
10020044,30,3
10020044,32,1
10020044,33,1
10020044,48,1
10020044,49,2
10020044,52,4
10020044,56,2
10020044,63,5
10020044,66,1
10020044,67,1
10020044,78,2
10020052,1,6
10020052,2,6
10020052,3,6.7
10020052,5,6.6
10020052,7,6.3
10020052,8,5.8
10020052,10,8.2
10020052,11,6
10020052,12,7
10020052,13,4.8
10020052,14,6.55
10020052,19,9.3
10020052,20,5.5
10020052,21,5.8
10020052,22,10
10020052,23,5.8
10020052,25,7.8
10020052,26,8.7
10020052,32,8.9
10020450,1,2
10020450,2,2
10020450,3,2
10020450,4,3
10020450,5,2
10020450,6,3
10020450,7,3
10020450,8,3
10020450,9,2
10020450,10,3
10020450,11,2
10020450,12,4
10020450,13,5
10020450,14,2
10020450,15,3
10020450,16,4
10020450,17,3
10020450,19,2
10020450,20,3
10020450,21,4
10020450,22,2
10020450,23,4
10020450,24,4
10020450,25,3
10020450,26,4
10020450,27,3
10020450,28,3
10020450,29,3
10020450,30,3
10020450,32,3
10020450,33,4
10020450,49,3
10020450,52,2
10020450,56,5
10020450,58,2
10020450,61,2
10020450,63,4
10020450,66,2
10020450,68,5
10020450,78,2
10020061,1,3
10020061,2,3
10020061,3,3
10020061,4,3
10020061,5,3
10020061,6,3
10020061,7,3
10020061,8,2
10020061,9,3
10020061,10,2
10020061,11,3
10020061,12,4
10020061,13,2
10020061,14,3
10020061,15,4
10020061,16,2
10020061,17,4
10020061,19,3
10020061,20,3
10020061,21,2
10020061,22,4
10020061,23,3
10020061,24,4
10020061,25,4
10020061,26,4
10020061,27,3
10020061,28,4
10020061,29,3
10020061,30,4
10020061,32,4
10020061,33,4
10020061,40,4
10020061,48,3
10020061,49,2
10020061,52,4
10020061,56,4
10020061,61,1
10020061,63,3
10020061,66,2
10020061,68,1
10020056,1,3
10020056,2,3
10020056,3,3
10020056,4,2
10020056,5,2
10020056,6,1
10020056,7,2
10020056,8,3
10020056,9,3
10020056,10,2
10020056,11,3
10020056,12,3
10020056,13,1
10020056,14,4
10020056,15,3
10020056,16,4
10020056,17,3
10020056,19,2
10020056,20,4
10020056,21,3
10020056,22,2
10020056,23,4
10020056,24,4
10020056,25,3
10020056,26,2
10020056,27,2
10020056,28,3
10020056,29,2
10020056,30,4
10020056,32,3
10020056,33,4
10020056,49,3
10020056,52,5
10020056,53,3
10020056,56,4
10020056,58,3
10020056,63,5
10020056,66,3
10020056,67,1
10020082,1,7.6
10020082,2,7.6
10020082,3,7.7
10020082,4,6.8
10020082,5,7.5
10020082,6,6.8
10020082,7,5.4
10020082,8,5.6
10020082,10,6.7
10020082,11,6.8
10020082,12,6.5
10020082,13,8.3
10020082,14,5.35
10020082,22,5.2
10020082,23,5.6
10020082,25,5.5
10020082,26,7.3
10020082,32,6
10020091,1,5
10020091,3,5
10020091,5,2
10020091,6,3
10020091,7,3
10020091,8,4
10020091,9,5
10020091,10,4
10020091,11,3
10020091,12,5
10020091,13,4
10020091,14,5
10020091,15,5
10020091,16,4
10020091,17,5
10020091,20,4
10020091,21,2
10020091,22,5
10020091,24,5
10020091,25,5
10020091,26,4
10020091,29,5
10020091,32,5
10020091,33,5
10020091,63,5
10020096,1,3
10020096,2,3
10020096,3,2
10020096,4,3
10020096,5,1
10020096,6,4
10020096,7,2
10020096,8,2
10020096,9,1
10020096,10,3
10020096,11,3
10020096,12,4
10020096,13,4
10020096,14,4
10020096,15,3
10020096,16,3
10020096,17,2
10020096,19,4
10020096,20,1
10020096,21,2
10020096,22,4
10020096,23,4
10020096,24,4
10020096,25,2
10020096,26,3
10020096,27,3
10020096,28,3
10020096,29,3
10020096,30,2
10020096,32,2
10020096,33,2
10020096,40,4
10020096,51,2
10020096,52,4
10020096,56,4
10020096,58,1
10020096,63,3
10020096,66,1
10020096,68,3
10020096,69,3
10020096,78,2
10020110,1,2
10020110,2,2
10020110,3,3
10020110,4,3
10020110,5,3
10020110,6,3
10020110,7,3
10020110,8,3
10020110,9,3
10020110,10,3
10020110,11,2
10020110,12,4
10020110,13,4
10020110,14,4
10020110,15,4
10020110,16,4
10020110,17,3
10020110,19,4
10020110,20,4
10020110,21,3
10020110,22,3
10020110,23,4
10020110,24,4
10020110,25,3
10020110,26,3
10020110,27,4
10020110,28,2
10020110,29,4
10020110,30,3
10020110,32,1
10020110,33,4
10020110,45,5
10020110,49,3
10020110,52,1
10020110,54,3
10020110,56,5
10020110,58,3
10020110,61,2
10020110,63,4
10020110,66,2
10020110,68,4
10020110,78,4
10020113,1,2
10020113,2,2
10020113,3,3
10020113,4,5
10020113,5,1
10020113,6,1
10020113,7,2
10020113,8,2
10020113,9,5
10020113,10,1
10020113,11,2
10020113,12,2
10020113,13,1
10020113,14,4
10020113,15,4
10020113,16,3
10020113,17,2
10020113,19,3
10020113,20,1
10020113,21,2
10020113,22,1
10020113,23,3
10020113,24,2
10020113,25,2
10020113,26,1
10020113,27,5
10020113,28,5
10020113,29,2
10020113,30,2
10020113,32,1
10020113,33,3
10020113,40,5
10020113,49,2
10020113,52,5
10020113,53,4
10020113,56,5
10020113,60,5
10020113,63,1
10020113,66,1
10020113,67,5
10020113,68,5
10020458,1,3
10020458,2,3
10020458,3,3
10020458,4,3
10020458,5,1
10020458,6,1
10020458,7,2
10020458,8,3
10020458,9,3
10020458,10,3
10020458,11,3
10020458,12,4
10020458,13,2
10020458,14,4
10020458,15,4
10020458,16,4
10020458,17,2
10020458,19,2
10020458,20,3
10020458,21,4
10020458,22,2
10020458,23,4
10020458,24,2
10020458,25,2
10020458,26,3
10020458,27,2
10020458,28,2
10020458,29,2
10020458,30,2
10020458,32,4
10020458,33,1
10020458,45,2
10020458,49,2
10020458,51,2
10020458,52,4
10020458,56,5
10020458,61,2
10020458,62,3
10020458,63,3
10020458,66,1
10020458,68,1
10020134,1,3
10020134,2,3
10020134,3,3
10020134,4,3
10020134,5,2
10020134,6,5
10020134,7,2
10020134,8,3
10020134,9,3
10020134,10,2
10020134,11,3
10020134,12,4
10020134,13,2
10020134,14,4
10020134,15,2
10020134,16,4
10020134,17,2
10020134,19,4
10020134,20,2
10020134,21,3
10020134,22,2
10020134,23,4
10020134,24,4
10020134,25,2
10020134,26,4
10020134,27,2
10020134,28,2
10020134,29,2
10020134,30,2
10020134,32,2
10020134,33,3
10020134,48,2
10020134,49,3
10020134,52,4
10020134,56,3
10020134,61,1
10020134,63,2
10020134,66,1
10020134,68,1
10020134,70,3
9020200,1,3
9020200,2,3
9020200,3,3
9020200,4,2
9020200,12,2
9020200,14,2
9020200,15,2
9020200,16,2
9020200,17,1
9020200,19,1
9020200,20,2
9020200,21,1
9020200,22,3
9020200,23,3
9020200,24,2
9020200,25,2
9020200,27,1
9020200,28,3
9020200,29,3
9020200,30,4
9020200,32,2
9020200,33,1
9020200,52,1
9020200,55,4
9020200,56,2
9020200,62,3
9020200,63,2
9020200,64,4
9020200,66,1
9020200,67,1
9020200,69,2
9020200,70,2
10020462,1,3
10020462,2,3
10020462,3,2
10020462,4,2
10020462,5,3
10020462,6,1
10020462,7,2
10020462,8,3
10020462,9,3
10020462,10,2
10020462,11,2
10020462,12,3
10020462,13,2
10020462,14,3
10020462,15,1
10020462,16,2
10020462,17,4
10020462,19,3
10020462,20,2
10020462,21,1
10020462,22,1
10020462,23,3
10020462,24,2
10020462,25,1
10020462,26,2
10020462,27,2
10020462,28,3
10020462,29,3
10020462,30,2
10020462,32,3
10020462,33,3
10020462,48,2
10020462,49,3
10020462,52,4
10020462,53,2
10020462,62,2
10020462,63,3
10020462,66,1
10020462,67,1
10020155,1,3
10020155,2,3
10020155,3,3
10020155,4,3
10020155,5,2
10020155,6,3
10020155,7,3
10020155,8,3
10020155,9,3
10020155,10,2
10020155,11,3
10020155,12,4
10020155,13,3
10020155,14,4
10020155,15,5
10020155,16,3
10020155,17,4
10020155,19,2
10020155,20,4
10020155,21,2
10020155,22,3
10020155,23,3
10020155,24,4
10020155,25,2
10020155,26,4
10020155,27,5
10020155,28,5
10020155,29,3
10020155,30,3
10020155,31,5
10020155,32,2
10020155,33,4
10020155,40,5
10020155,45,5
10020155,48,5
10020155,49,5
10020155,52,4
10020155,53,5
10020155,56,5
10020155,62,2
10020155,63,3
10020155,66,5
10020161,1,3
10020161,2,3
10020161,3,3
10020161,4,4
10020161,5,1
10020161,6,1
10020161,7,3
10020161,8,3
10020161,9,3
10020161,10,1
10020161,11,1
10020161,12,1
10020161,13,1
10020161,14,4
10020161,15,2
10020161,16,2
10020161,17,2
10020161,19,3
10020161,20,1
10020161,21,2
10020161,22,3
10020161,23,2
10020161,24,3
10020161,25,3
10020161,26,1
10020161,27,2
10020161,28,1
10020161,29,2
10020161,30,2
10020161,31,5
10020161,32,3
10020161,33,2
10020161,51,5
10020161,52,2
10020161,53,2
10020161,56,5
10020161,61,2
10020161,62,1
10020161,63,4
10020161,64,5
10020161,66,5
10020161,67,5
10020161,68,2
10020161,70,4
10020161,78,4
10020170,1,3
10020170,2,3
10020170,3,2
10020170,4,3
10020170,5,3
10020170,6,1
10020170,7,4
10020170,8,3
10020170,9,3
10020170,10,3
10020170,11,4
10020170,12,2
10020170,13,1
10020170,14,2
10020170,15,3
10020170,16,1
10020170,17,2
10020170,19,1
10020170,20,1
10020170,21,2
10020170,22,1
10020170,23,2
10020170,24,2
10020170,25,1
10020170,26,3
10020170,27,2
10020170,28,1
10020170,29,2
10020170,30,2
10020170,32,2
10020170,33,2
10020170,45,1
10020170,49,2
10020170,52,3
10020170,58,2
10020170,63,4
10020170,66,1
10020170,67,1
10020170,78,2
10020179,1,2
10020179,2,2
10020179,3,3
10020179,4,2
10020179,5,1
10020179,6,1
10020179,7,3
10020179,8,3
10020179,9,1
10020179,10,1
10020179,11,1
10020179,12,1
10020179,13,1
10020179,14,3
10020179,15,4
10020179,16,3
10020179,17,4
10020179,19,2
10020179,20,4
10020179,21,2
10020179,22,3
10020179,23,3
10020179,24,4
10020179,25,3
10020179,26,2
10020179,27,4
10020179,28,4
10020179,29,2
10020179,30,2
10020179,32,1
10020179,33,1
10020179,47,1
10020179,52,3
10020179,56,4
10020179,58,4
10020179,60,5
10020179,61,1
10020179,62,1
10020179,63,2
10020179,66,2
10020179,68,2
10020182,1,3
10020182,2,3
10020182,3,3
10020182,4,3
10020182,5,1
10020182,6,3
10020182,7,3
10020182,8,3
10020182,9,3
10020182,10,4
10020182,11,4
10020182,12,3
10020182,13,2
10020182,14,5
10020182,15,3
10020182,16,1
10020182,17,3
10020182,19,4
10020182,20,4
10020182,21,2
10020182,22,3
10020182,23,3
10020182,24,3
10020182,25,2
10020182,26,3
10020182,27,2
10020182,28,5
10020182,29,4
10020182,30,3
10020182,32,2
10020182,33,3
10020182,45,2
10020182,52,4
10020182,53,5
10020182,56,4
10020182,61,2
10020182,63,3
10020182,66,2
10020182,67,2
10020182,78,2
10020187,1,6.5
10020187,2,6.5
10020187,3,6.3
10020187,4,6.5
10020187,5,6.5
10020187,6,9.3
10020187,7,6
10020187,8,5.7
10020187,10,7.9
10020187,11,6.7
10020187,12,5.5
10020187,13,7.8
10020187,14,5.45
10020187,22,5.2
10020187,23,7.4
10020187,25,8.1
10020187,26,4.3
10020187,32,6
10020193,1,3
10020193,2,3
10020193,3,3
10020193,4,4
10020193,5,3
10020193,6,2
10020193,7,3
10020193,8,2
10020193,9,3
10020193,10,2
10020193,11,3
10020193,12,2
10020193,13,3
10020193,14,4
10020193,15,2
10020193,16,4
10020193,17,3
10020193,19,2
10020193,20,4
10020193,21,4
10020193,22,2
10020193,23,4
10020193,24,3
10020193,25,3
10020193,26,4
10020193,27,3
10020193,28,2
10020193,29,3
10020193,30,4
10020193,32,1
10020193,33,2
10020193,49,3
10020193,52,4
10020193,53,4
10020193,56,2
10020193,58,2
10020193,61,2
10020193,63,3
10020193,66,2
10020193,67,5
10020193,68,4
10020204,1,2
10020204,2,2
10020204,3,3
10020204,4,3
10020204,5,3
10020204,6,3
10020204,7,3
10020204,8,2
10020204,9,2
10020204,10,1
10020204,11,2
10020204,12,2
10020204,13,1
10020204,14,3
10020204,15,3
10020204,16,3
10020204,17,4
10020204,19,4
10020204,20,3
10020204,21,2
10020204,22,2
10020204,23,2
10020204,24,3
10020204,25,2
10020204,26,3
10020204,27,3
10020204,28,4
10020204,29,2
10020204,30,2
10020204,32,1
10020204,33,4
10020204,48,1
10020204,49,3
10020204,51,5
10020204,52,3
10020204,53,3
10020204,56,5
10020204,58,1
10020204,62,2
10020204,63,4
10020204,66,1
10020204,67,1
10020215,1,3
10020215,2,3
10020215,3,2
10020215,4,3
10020215,5,1
10020215,6,1
10020215,7,3
10020215,8,3
10020215,9,4
10020215,10,1
10020215,11,3
10020215,12,1
10020215,13,2
10020215,14,5
10020215,15,1
10020215,16,3
10020215,17,2
10020215,19,2
10020215,20,1
10020215,21,1
10020215,22,2
10020215,23,1
10020215,24,2
10020215,25,2
10020215,26,1
10020215,27,1
10020215,28,2
10020215,29,2
10020215,30,2
10020215,32,1
10020215,33,1
10020215,43,1
10020215,45,1
10020215,48,1
10020215,49,2
10020215,52,3
10020215,56,3
10020215,58,2
10020215,63,4
10020215,66,1
10020215,67,1
10020217,1,3
10020217,2,3
10020217,3,4
10020217,4,3
10020217,5,1
10020217,6,2
10020217,7,1
10020217,8,1
10020217,9,1
10020217,10,3
10020217,11,3
10020217,12,3
10020217,13,4
10020217,14,5
10020217,15,2
10020217,16,3
10020217,17,3
10020217,19,4
10020217,20,4
10020217,21,3
10020217,22,3
10020217,23,4
10020217,24,3
10020217,25,4
10020217,26,3
10020217,27,2
10020217,28,2
10020217,29,1
10020217,30,2
10020217,32,4
10020217,33,3
10020217,40,5
10020217,45,3
10020217,48,3
10020217,52,2
10020217,56,5
10020217,62,3
10020217,63,5
10020217,66,2
10020217,67,2
10020217,78,2
10020222,1,3
10020222,2,3
10020222,3,2
10020222,4,3
10020222,5,2
10020222,6,2
10020222,7,2
10020222,8,2
10020222,9,4
10020222,10,2
10020222,11,4
10020222,12,5
10020222,13,3
10020222,14,5
10020222,15,3
10020222,16,3
10020222,17,4
10020222,19,2
10020222,20,4
10020222,21,4
10020222,22,4
10020222,23,4
10020222,24,4
10020222,25,3
10020222,26,3
10020222,27,4
10020222,28,3
10020222,29,4
10020222,30,3
10020222,32,4
10020222,33,3
10020222,48,4
10020222,49,4
10020222,51,5
10020222,52,5
10020222,54,4
10020222,56,4
10020222,61,1
10020222,63,5
10020222,66,2
10020222,68,2
10020226,1,3
10020226,2,3
10020226,3,3
10020226,4,3
10020226,5,2
10020226,6,3
10020226,7,3
10020226,8,3
10020226,9,4
10020226,10,3
10020226,11,3
10020226,12,2
10020226,13,2
10020226,14,4
10020226,15,4
10020226,16,4
10020226,17,4
10020226,19,4
10020226,20,4
10020226,21,2
10020226,22,4
10020226,23,4
10020226,24,4
10020226,25,3
10020226,26,4
10020226,27,3
10020226,28,3
10020226,29,2
10020226,30,2
10020226,32,3
10020226,33,4
10020226,48,3
10020226,52,5
10020226,53,3
10020226,56,4
10020226,58,2
10020226,61,1
10020226,63,4
10020226,66,2
10020226,68,2
10020229,1,3
10020229,2,3
10020229,3,4
10020229,4,3
10020229,5,1
10020229,6,2
10020229,7,3
10020229,8,3
10020229,9,3
10020229,10,1
10020229,11,2
10020229,12,1
10020229,13,4
10020229,14,4
10020229,15,2
10020229,16,2
10020229,17,4
10020229,19,2
10020229,20,2
10020229,21,4
10020229,22,2
10020229,23,3
10020229,24,3
10020229,25,2
10020229,26,2
10020229,27,2
10020229,28,2
10020229,29,2
10020229,30,2
10020229,32,1
10020229,33,2
10020229,45,5
10020229,49,3
10020229,52,3
10020229,56,2
10020229,58,2
10020229,63,2
10020229,66,2
10020229,67,2
10020229,78,2
10020470,1,3
10020470,2,3
10020470,3,4
10020470,4,3
10020470,5,1
10020470,6,1
10020470,7,3
10020470,8,4
10020470,9,4
10020470,10,1
10020470,11,3
10020470,12,3
10020470,13,2
10020470,14,5
10020470,15,3
10020470,16,5
10020470,17,3
10020470,19,4
10020470,20,4
10020470,21,4
10020470,22,2
10020470,23,3
10020470,24,3
10020470,25,2
10020470,26,3
10020470,27,3
10020470,28,2
10020470,29,5
10020470,30,3
10020470,32,3
10020470,33,3
10020470,45,5
10020470,52,5
10020470,54,3
10020470,56,4
10020470,58,1
10020470,62,5
10020470,63,4
10020470,66,2
10020470,68,4
10020237,1,1
10020237,2,1
10020237,3,2
10020237,4,2
10020237,5,1
10020237,6,2
10020237,7,4
10020237,8,3
10020237,9,3
10020237,10,3
10020237,11,2
10020237,12,3
10020237,13,3
10020237,14,4
10020237,15,2
10020237,16,2
10020237,17,3
10020237,19,2
10020237,20,2
10020237,21,3
10020237,22,2
10020237,23,3
10020237,24,2
10020237,25,3
10020237,26,1
10020237,27,1
10020237,28,1
10020237,29,3
10020237,30,2
10020237,32,2
10020237,33,3
10020237,40,1
10020237,45,2
10020237,48,2
10020237,49,2
10020237,52,4
10020237,61,2
10020237,63,4
10020237,66,1
10020237,67,1
10020237,78,1
10020239,1,3
10020239,2,3
10020239,3,3
10020239,4,2
10020239,5,3
10020239,6,1
10020239,7,3
10020239,8,3
10020239,9,3
10020239,10,3
10020239,11,4
10020239,12,4
10020239,13,4
10020239,14,3
10020239,15,3
10020239,16,3
10020239,17,4
10020239,19,1
10020239,20,2
10020239,21,2
10020239,22,2
10020239,23,3
10020239,24,2
10020239,25,3
10020239,26,2
10020239,27,3
10020239,28,3
10020239,29,3
10020239,30,3
10020239,32,4
10020239,33,4
10020239,48,3
10020239,51,5
10020239,52,3
10020239,53,3
10020239,56,3
10020239,61,2
10020239,62,2
10020239,63,3
10020239,66,1
10020239,68,3
10020246,1,5.5
10020246,2,5.5
10020246,5,7.6
10020246,7,6
10020246,8,4.2
10020246,10,6.9
10020246,11,5.3
10020246,12,5.6
10020246,13,8.1
10020246,14,3.1
10020246,16,4.6
10020246,19,4.9
10020246,20,5
10020246,22,5.6
10020246,23,5.7
10020246,25,5.2
10020246,26,6
10020246,32,7.1
10020249,1,2
10020249,2,2
10020249,3,2
10020249,4,2
10020249,5,1
10020249,6,3
10020249,7,2
10020249,8,2
10020249,9,3
10020249,10,1
10020249,11,1
10020249,12,2
10020249,13,2
10020249,14,3
10020249,15,4
10020249,16,1
10020249,17,3
10020249,19,1
10020249,20,1
10020249,21,2
10020249,22,1
10020249,23,1
10020249,24,3
10020249,25,2
10020249,26,2
10020249,27,1
10020249,28,2
10020249,29,2
10020249,30,1
10020249,32,1
10020249,33,2
10020249,40,2
10020249,43,1
10020249,45,1
10020249,48,1
10020249,52,4
10020249,53,3
10020249,63,3
10020249,66,1
10020249,67,1
10020249,78,1
10020474,1,3
10020474,2,3
10020474,3,3
10020474,4,3
10020474,5,1
10020474,6,2
10020474,7,3
10020474,8,3
10020474,9,4
10020474,10,2
10020474,11,2
10020474,12,3
10020474,13,4
10020474,14,3
10020474,15,2
10020474,16,3
10020474,17,3
10020474,19,3
10020474,20,2
10020474,21,3
10020474,22,3
10020474,23,2
10020474,24,4
10020474,25,3
10020474,26,3
10020474,27,4
10020474,28,3
10020474,29,4
10020474,30,3
10020474,32,4
10020474,33,3
10020474,49,2
10020474,52,2
10020474,53,4
10020474,56,3
10020474,58,1
10020474,61,1
10020474,63,3
10020474,66,1
10020474,67,2
10020474,68,5
10020255,1,3
10020255,2,3
10020255,3,3
10020255,4,3
10020255,5,1
10020255,6,1
10020255,7,2
10020255,8,3
10020255,9,3
10020255,10,2
10020255,11,3
10020255,12,2
10020255,13,3
10020255,14,3
10020255,15,4
10020255,16,3
10020255,17,4
10020255,19,3
10020255,20,3
10020255,21,3
10020255,22,3
10020255,23,4
10020255,24,4
10020255,25,2
10020255,26,3
10020255,27,3
10020255,28,4
10020255,29,2
10020255,30,3
10020255,32,4
10020255,33,4
10020255,49,3
10020255,51,5
10020255,52,4
10020255,53,5
10020255,56,4
10020255,58,1
10020255,62,1
10020255,63,4
10020255,66,1
10020255,67,2
9020382,1,3
9020382,2,3
9020382,3,3
9020382,4,3
9020382,5,3
9020382,6,3
9020382,7,4
9020382,8,3
9020382,9,3
9020382,10,3
9020382,11,2
9020382,12,3
9020382,13,2
9020382,14,4
9020382,15,5
9020382,16,3
9020382,17,4
9020382,19,4
9020382,20,3
9020382,21,3
9020382,22,4
9020382,23,4
9020382,24,2
9020382,25,2
9020382,26,2
9020382,27,5
9020382,28,5
9020382,29,5
9020382,30,4
9020382,32,2
9020382,33,2
9020382,45,2
9020382,49,5
9020382,51,5
9020382,52,5
9020382,56,4
9020382,58,3
9020382,61,2
9020382,62,2
9020382,63,4
9020382,66,3
9020382,68,4
10020261,1,2
10020261,2,3
10020261,3,2
10020261,4,3
10020261,5,2
10020261,6,1
10020261,7,2
10020261,8,2
10020261,9,3
10020261,10,1
10020261,11,3
10020261,12,3
10020261,13,3
10020261,14,4
10020261,15,4
10020261,16,2
10020261,17,3
10020261,19,2
10020261,20,3
10020261,21,4
10020261,22,1
10020261,23,3
10020261,24,3
10020261,25,1
10020261,26,4
10020261,27,3
10020261,28,2
10020261,29,3
10020261,30,3
10020261,32,2
10020261,33,3
10020261,48,3
10020261,49,2
10020261,52,4
10020261,53,2
10020261,56,5
10020261,61,1
10020261,62,1
10020261,63,4
10020261,66,5
10020261,68,3
10020275,1,3
10020275,2,3
10020275,3,3
10020275,4,3
10020275,5,2
10020275,6,2
10020275,7,3
10020275,8,3
10020275,9,3
10020275,10,3
10020275,11,4
10020275,12,4
10020275,13,3
10020275,14,5
10020275,15,3
10020275,16,2
10020275,17,4
10020275,19,1
10020275,20,2
10020275,21,3
10020275,22,4
10020275,23,3
10020275,24,4
10020275,25,2
10020275,26,3
10020275,27,2
10020275,28,2
10020275,29,3
10020275,30,3
10020275,32,3
10020275,33,4
10020275,48,2
10020275,49,4
10020275,52,4
10020275,58,3
10020275,63,2
10020275,66,1
10020275,67,1
10020275,78,2
10020281,1,2
10020281,2,2
10020281,3,3
10020281,4,2
10020281,5,1
10020281,6,2
10020281,7,3
10020281,8,2
10020281,9,4
10020281,10,1
10020281,11,2
10020281,12,1
10020281,13,3
10020281,14,3
10020281,15,2
10020281,16,2
10020281,17,4
10020281,19,2
10020281,20,2
10020281,21,2
10020281,22,2
10020281,23,1
10020281,24,2
10020281,25,3
10020281,26,3
10020281,27,1
10020281,28,2
10020281,29,1
10020281,30,1
10020281,32,2
10020281,33,2
10020281,45,1
10020281,48,1
10020281,49,2
10020281,52,2
10020281,56,1
10020281,58,2
10020281,63,3
10020281,66,1
10020281,67,1
10020281,78,1
9020410,3,2
9020410,4,3
9020410,9,3
9020410,10,4
9020410,12,4
9020410,13,2
9020410,14,3
9020410,15,4
9020410,16,3
9020410,17,4
9020410,19,5
9020410,20,2
9020410,21,1
9020410,22,3
9020410,23,4
9020410,24,3
9020410,25,2
9020410,26,4
9020410,27,4
9020410,28,3
9020410,29,3
9020410,30,3
9020410,32,3
9020410,33,3
9020410,52,1
9020410,55,4
9020410,56,5
9020410,58,1
9020410,60,1
9020410,61,1
9020410,62,5
9020410,63,3
9020410,66,2
9020410,68,1
9020410,69,2
9020410,70,4
9020410,72,5
10020285,1,5.8
10020285,2,5.8
10020285,5,9
10020285,6,8.2
10020285,7,8
10020285,8,7.6
10020285,9,5.8
10020285,10,6.6
10020285,11,4.9
10020285,12,6.6
10020285,13,7.9
10020285,14,5.3
10020285,16,7
10020285,19,9
10020285,20,9
10020285,21,8.2
10020285,22,5.1
10020285,23,8
10020285,24,6.7
10020285,25,9.2
10020285,26,7.9
10020285,28,8.3
10020285,29,6.3
10020285,30,6.5
10020285,32,8.9
10020285,33,5.7
10020285,63,5.7
10020999,1,3
10020999,2,3
10020999,3,3
10020999,4,3
10020999,5,2
10020999,6,2
10020999,7,3
10020999,8,3
10020999,9,3
10020999,10,2
10020999,11,2
10020999,12,3
10020999,13,4
10020999,14,2
10020999,15,4
10020999,16,3
10020999,17,3
10020999,19,4
10020999,20,3
10020999,21,3
10020999,22,4
10020999,23,3
10020999,24,2
10020999,25,3
10020999,26,3
10020999,27,3
10020999,28,4
10020999,29,2
10020999,30,4
10020999,32,3
10020999,33,4
10020999,48,3
10020999,49,2
10020999,52,4
10020999,53,3
10020999,61,1
10020999,62,5
10020999,63,3
10020999,66,2
10020999,67,2
10020478,1,4
10020478,2,4
10020478,3,3
10020478,4,2
10020478,6,3
10020478,7,4
10020478,8,4
10020478,9,4
10020478,10,3
10020478,11,4
10020478,12,4
10020478,13,1
10020478,14,3
10020478,15,4
10020478,16,1
10020478,17,3
10020478,19,4
10020478,20,4
10020478,21,4
10020478,22,4
10020478,23,5
10020478,24,4
10020478,25,3
10020478,26,2
10020478,27,4
10020478,28,3
10020478,29,5
10020478,30,4
10020478,32,5
10020478,33,2
10020478,45,3
10020478,49,2
10020478,52,4
10020478,53,2
10020478,61,2
10020478,63,4
10020478,66,3
10020478,68,3
10020478,78,2
10020305,1,3
10020305,2,3
10020305,3,3
10020305,4,3
10020305,5,3
10020305,6,4
10020305,7,4
10020305,8,3
10020305,9,4
10020305,10,4
10020305,11,3
10020305,12,4
10020305,13,3
10020305,14,5
10020305,15,5
10020305,16,3
10020305,17,3
10020305,19,3
10020305,20,5
10020305,21,4
10020305,22,3
10020305,23,3
10020305,24,4
10020305,25,4
10020305,26,3
10020305,27,4
10020305,28,5
10020305,29,3
10020305,30,3
10020305,31,5
10020305,32,5
10020305,33,4
10020305,48,3
10020305,49,3
10020305,52,4
10020305,53,3
10020305,56,5
10020305,63,4
10020305,66,5
10020305,70,4
10020316,1,3
10020316,2,3
10020316,3,3
10020316,4,3
10020316,5,2
10020316,6,3
10020316,7,3
10020316,8,3
10020316,9,4
10020316,10,1
10020316,11,3
10020316,12,3
10020316,13,2
10020316,14,3
10020316,15,2
10020316,16,1
10020316,17,3
10020316,19,2
10020316,20,3
10020316,21,2
10020316,22,2
10020316,23,2
10020316,24,3
10020316,25,3
10020316,26,4
10020316,27,2
10020316,28,2
10020316,29,4
10020316,30,2
10020316,32,3
10020316,33,1
10020316,49,2
10020316,52,3
10020316,58,2
10020316,60,5
10020316,62,2
10020316,63,3
10020316,66,1
10020316,67,5
10020316,68,5
10020316,70,2
10020319,1,2
10020319,2,2
10020319,3,2
10020319,4,3
10020319,5,2
10020319,6,1
10020319,7,3
10020319,8,3
10020319,9,3
10020319,10,2
10020319,11,3
10020319,12,2
10020319,13,2
10020319,14,3
10020319,15,3
10020319,16,2
10020319,17,3
10020319,19,2
10020319,20,1
10020319,21,3
10020319,22,1
10020319,23,1
10020319,24,2
10020319,25,1
10020319,26,3
10020319,27,1
10020319,28,1
10020319,29,1
10020319,30,1
10020319,32,2
10020319,33,2
10020319,40,2
10020319,43,1
10020319,45,1
10020319,49,2
10020319,52,3
10020319,61,2
10020319,63,3
10020319,66,1
10020319,67,1
10020319,78,1
10020322,1,2
10020322,2,2
10020322,3,2
10020322,4,2
10020322,5,2
10020322,6,2
10020322,7,3
10020322,8,3
10020322,9,3
10020322,10,1
10020322,11,2
10020322,12,1
10020322,13,2
10020322,14,3
10020322,15,3
10020322,16,1
10020322,17,2
10020322,19,2
10020322,20,1
10020322,21,1
10020322,22,3
10020322,23,2
10020322,24,3
10020322,25,3
10020322,26,1
10020322,27,1
10020322,28,3
10020322,29,1
10020322,30,1
10020322,32,2
10020322,33,2
10020322,40,2
10020322,45,3
10020322,48,3
10020322,49,1
10020322,52,3
10020322,62,3
10020322,63,4
10020322,66,1
10020322,67,1
10020322,78,2
9020484,1,4
9020484,2,4
9020484,3,4
9020484,4,2
9020484,5,4
9020484,6,2
9020484,7,4
9020484,8,4
9020484,9,4
9020484,10,2
9020484,11,4
9020484,12,3
9020484,13,4
9020484,14,5
9020484,15,3
9020484,16,3
9020484,17,4
9020484,19,4
9020484,20,3
9020484,21,3
9020484,22,3
9020484,23,4
9020484,24,3
9020484,25,3
9020484,26,2
9020484,27,2
9020484,28,5
9020484,29,5
9020484,30,3
9020484,32,3
9020484,33,4
9020484,48,4
9020484,49,3
9020484,52,5
9020484,56,5
9020484,58,1
9020484,61,2
9020484,63,3
9020484,64,4
9020484,66,2
9020484,68,2
10020338,1,2
10020338,2,2
10020338,3,3
10020338,4,4
10020338,5,1
10020338,6,1
10020338,7,3
10020338,8,3
10020338,9,3
10020338,10,1
10020338,11,2
10020338,12,3
10020338,13,1
10020338,14,4
10020338,15,3
10020338,16,1
10020338,17,4
10020338,19,1
10020338,20,1
10020338,21,3
10020338,22,2
10020338,23,1
10020338,24,2
10020338,25,2
10020338,26,1
10020338,27,1
10020338,28,3
10020338,29,1
10020338,30,2
10020338,32,4
10020338,33,3
10020338,43,1
10020338,45,1
10020338,48,1
10020338,51,1
10020338,52,3
10020338,53,4
10020338,58,1
10020338,63,4
10020338,66,1
10020338,67,1
10020341,1,3
10020341,2,3
10020341,3,2
10020341,4,2
10020341,5,2
10020341,6,2
10020341,7,2
10020341,8,3
10020341,9,3
10020341,10,1
10020341,11,3
10020341,12,1
10020341,13,2
10020341,14,3
10020341,15,2
10020341,16,2
10020341,17,1
10020341,19,1
10020341,20,3
10020341,21,1
10020341,22,1
10020341,23,2
10020341,24,3
10020341,25,1
10020341,26,1
10020341,27,2
10020341,28,1
10020341,29,2
10020341,30,2
10020341,32,1
10020341,33,1
10020341,43,1
10020341,49,1
10020341,52,1
10020341,56,1
10020341,58,1
10020341,63,3
10020341,66,1
10020341,67,1
10020348,1,3
10020348,2,3
10020348,3,3
10020348,4,3
10020348,5,3
10020348,6,3
10020348,7,3
10020348,8,2
10020348,9,3
10020348,10,4
10020348,11,4
10020348,12,2
10020348,13,2
10020348,14,4
10020348,15,3
10020348,16,4
10020348,17,4
10020348,19,4
10020348,20,4
10020348,21,4
10020348,22,2
10020348,23,4
10020348,24,3
10020348,25,3
10020348,26,4
10020348,27,4
10020348,28,4
10020348,29,4
10020348,30,4
10020348,31,2
10020348,32,3
10020348,33,4
10020348,47,2
10020348,52,3
10020348,56,4
10020348,58,2
10020348,61,1
10020348,63,2
10020348,66,2
10020348,68,5
10020353,1,2
10020353,2,2
10020353,3,4
10020353,4,4
10020353,5,1
10020353,6,1
10020353,7,3
10020353,8,2
10020353,9,3
10020353,10,1
10020353,11,3
10020353,12,2
10020353,13,3
10020353,14,3
10020353,15,3
10020353,16,1
10020353,17,4
10020353,19,3
10020353,20,2
10020353,21,3
10020353,22,3
10020353,23,1
10020353,24,3
10020353,25,3
10020353,26,2
10020353,27,4
10020353,28,5
10020353,29,2
10020353,30,3
10020353,32,2
10020353,33,4
10020353,43,2
10020353,51,3
10020353,52,2
10020353,53,5
10020353,56,4
10020353,58,1
10020353,60,5
10020353,63,3
10020353,66,1
10020353,67,1
10020356,1,2
10020356,2,2
10020356,5,2
10020356,6,3
10020356,7,3
10020356,8,4
10020356,9,4
10020356,10,5
10020356,11,4
10020356,12,5
10020356,13,5
10020356,14,5
10020356,15,5
10020356,16,5
10020356,17,5
10020356,20,5
10020356,21,4
10020356,22,5
10020356,23,4
10020356,24,5
10020356,25,5
10020356,26,4
10020356,32,5
10020356,33,5
10020362,1,3
10020362,2,3
10020362,3,3
10020362,4,2
10020362,5,1
10020362,6,3
10020362,7,1
10020362,8,3
10020362,9,3
10020362,10,3
10020362,11,2
10020362,12,3
10020362,13,2
10020362,14,3
10020362,15,2
10020362,16,2
10020362,17,4
10020362,19,2
10020362,20,1
10020362,21,2
10020362,22,1
10020362,23,3
10020362,24,3
10020362,25,2
10020362,26,3
10020362,27,1
10020362,28,2
10020362,29,1
10020362,30,1
10020362,32,1
10020362,33,2
10020362,49,2
10020362,51,2
10020362,52,3
10020362,56,2
10020362,58,1
10020362,63,4
10020362,66,1
10020362,67,1
10020364,1,3
10020364,2,3
10020364,3,3
10020364,4,3
10020364,5,3
10020364,6,2
10020364,7,3
10020364,8,2
10020364,9,3
10020364,10,2
10020364,11,3
10020364,12,3
10020364,13,2
10020364,14,2
10020364,15,3
10020364,16,1
10020364,17,4
10020364,19,1
10020364,20,1
10020364,21,2
10020364,22,2
10020364,23,2
10020364,24,2
10020364,25,3
10020364,26,3
10020364,27,1
10020364,28,1
10020364,29,1
10020364,30,1
10020364,32,1
10020364,33,3
10020364,43,1
10020364,45,2
10020364,49,2
10020364,51,2
10020364,52,3
10020364,58,1
10020364,61,1
10020364,63,3
10020364,66,1
10020364,67,1
10020426,1,4
10020426,2,4
10020426,3,3
10020426,4,3
10020426,5,2
10020426,6,1
10020426,7,2
10020426,8,2
10020426,9,3
10020426,10,3
10020426,11,2
10020426,12,1
10020426,13,3
10020426,14,4
10020426,15,3
10020426,16,3
10020426,17,3
10020426,19,3
10020426,20,3
10020426,21,3
10020426,22,2
10020426,23,2
10020426,24,3
10020426,25,2
10020426,26,3
10020426,27,3
10020426,28,2
10020426,29,4
10020426,30,3
10020426,32,2
10020426,33,2
10020426,40,1
10020426,48,1
10020426,52,3
10020426,53,2
10020426,56,4
10020426,63,2
10020426,66,1
10020426,67,2
10020427,1,3
10020427,2,3
10020427,3,3
10020427,4,2
10020427,5,1
10020427,6,4
10020427,7,2
10020427,8,2
10020427,9,1
10020427,10,3
10020427,11,3
10020427,12,4
10020427,13,4
10020427,14,4
10020427,15,3
10020427,16,2
10020427,17,3
10020427,19,4
10020427,20,1
10020427,21,4
10020427,22,4
10020427,23,3
10020427,24,3
10020427,25,3
10020427,26,2
10020427,27,3
10020427,28,5
10020427,29,5
10020427,30,4
10020427,32,4
10020427,33,3
10020427,40,5
10020427,49,3
10020427,52,5
10020427,53,4
10020427,56,5
10020427,61,1
10020427,62,4
10020427,63,3
10020427,64,5
10020427,66,2
10020427,67,5
10020427,69,4
10020396,1,3
10020396,2,3
10020396,3,3
10020396,4,2
10020396,5,2
10020396,6,3
10020396,7,3
10020396,8,3
10020396,9,4
10020396,10,3
10020396,11,4
10020396,12,3
10020396,13,1
10020396,14,3
10020396,15,3
10020396,16,3
10020396,17,3
10020396,19,2
10020396,20,3
10020396,21,2
10020396,22,2
10020396,23,3
10020396,24,3
10020396,25,3
10020396,26,4
10020396,27,5
10020396,28,5
10020396,29,3
10020396,30,3
10020396,32,3
10020396,33,3
10020396,49,3
10020396,52,4
10020396,56,4
10020396,58,2
10020396,61,1
10020396,63,4
10020396,66,2
10020396,68,3
10020396,78,2
10020416,1,3
10020416,2,3
10020416,3,4
10020416,4,5
10020416,6,2
10020416,7,3
10020416,8,3
10020416,9,5
10020416,10,5
10020416,11,4
10020416,12,4
10020416,13,5
10020416,14,5
10020416,15,4
10020416,16,3
10020416,17,3
10020416,19,4
10020416,20,1
10020416,21,3
10020416,22,1
10020416,23,4
10020416,24,4
10020416,25,2
10020416,26,2
10020416,27,4
10020416,28,3
10020416,29,4
10020416,30,5
10020416,31,2
10020416,32,5
10020416,33,3
10020416,43,5
10020416,49,5
10020416,52,3
10020416,63,4
10020416,66,5
10020407,1,3
10020407,2,3
10020407,3,2
10020407,4,2
10020407,5,1
10020407,6,4
10020407,7,3
10020407,8,3
10020407,9,3
10020407,10,1
10020407,11,2
10020407,12,2
10020407,13,2
10020407,14,4
10020407,15,1
10020407,16,2
10020407,17,2
10020407,19,1
10020407,20,3
10020407,21,1
10020407,22,1
10020407,23,4
10020407,24,2
10020407,25,2
10020407,26,3
10020407,27,1
10020407,28,1
10020407,29,3
10020407,30,3
10020407,32,1
10020407,33,1
10020407,48,1
10020407,49,1
10020407,52,1
10020407,56,1
10020407,61,1
10020407,63,3
10020407,66,2
10020407,68,2
10020407,78,2
10020433,1,2
10020433,2,2
10020433,3,3
10020433,4,2
10020433,5,2
10020433,6,2
10020433,7,3
10020433,8,3
10020433,9,4
10020433,10,1
10020433,11,3
10020433,12,4
10020433,13,1
10020433,14,1
10020433,15,1
10020433,16,1
10020433,17,2
10020433,19,1
10020433,20,1
10020433,21,1
10020433,22,1
10020433,23,3
10020433,24,1
10020433,25,2
10020433,26,4
10020433,27,1
10020433,28,2
10020433,29,2
10020433,30,3
10020433,32,1
10020433,33,1
10020433,43,1
10020433,45,1
10020433,49,2
10020433,52,2
10020433,63,3
10020433,66,1
10020433,67,1
10020433,78,2
10020489,1,3
10020489,2,3
10020489,3,4
10020489,4,2
10020489,5,3
10020489,6,1
10020489,7,3
10020489,8,3
10020489,9,3
10020489,10,1
10020489,11,2
10020489,12,4
10020489,13,2
10020489,14,2
10020489,15,2
10020489,16,4
10020489,17,2
10020489,19,1
10020489,20,2
10020489,21,2
10020489,22,3
10020489,23,2
10020489,24,2
10020489,25,3
10020489,26,3
10020489,27,3
10020489,28,2
10020489,29,1
10020489,30,3
10020489,32,1
10020489,33,2
10020489,48,2
10020489,52,3
10020489,53,2
10020489,56,5
10020489,58,1
10020489,61,1
10020489,63,3
10020489,66,1
10020489,67,1
10020440,1,3
10020440,2,3
10020440,3,4
10020440,4,3
10020440,5,3
10020440,6,3
10020440,7,4
10020440,8,5
10020440,9,3
10020440,10,4
10020440,11,5
10020440,12,4
10020440,13,5
10020440,14,4
10020440,15,3
10020440,16,4
10020440,17,4
10020440,19,3
10020440,20,4
10020440,21,3
10020440,22,3
10020440,23,4
10020440,24,3
10020440,25,4
10020440,26,4
10020440,27,5
10020440,28,3
10020440,29,5
10020440,30,3
10020440,32,2
10020440,33,3
10020440,45,4
10020440,49,3
10020440,52,3
10020440,56,5
10020440,58,2
10020440,61,2
10020440,62,2
10020440,63,4
10020440,64,5
10020440,66,2
10020440,68,3
9020007,1,2
9020007,2,2
9020007,3,3
9020007,4,2
9020007,5,1
9020007,6,2
9020007,7,3
9020007,8,4
9020007,9,3
9020007,10,4
9020007,11,3
9020007,12,4
9020007,13,4
9020007,14,3
9020007,15,5
9020007,16,3
9020007,17,4
9020007,19,3
9020007,20,3
9020007,21,1
9020007,22,2
9020007,23,4
9020007,24,3
9020007,25,2
9020007,26,3
9020007,27,3
9020007,28,2
9020007,29,3
9020007,30,1
9020007,32,3
9020007,33,2
9020007,40,3
9020007,45,3
9020007,51,2
9020007,52,1
9020007,56,3
9020007,61,1
9020007,63,5
9020007,66,1
9020007,68,1
9020019,1,2
9020019,2,2
9020019,3,2
9020019,4,3
9020019,5,2
9020019,6,1
9020019,7,2
9020019,8,2
9020019,9,3
9020019,10,3
9020019,11,3
9020019,12,3
9020019,13,4
9020019,14,5
9020019,15,3
9020019,16,2
9020019,17,3
9020019,19,3
9020019,20,2
9020019,21,2
9020019,22,1
9020019,23,3
9020019,24,3
9020019,25,3
9020019,26,1
9020019,27,2
9020019,28,4
9020019,29,1
9020019,30,1
9020019,32,3
9020019,33,3
9020019,43,3
9020019,51,1
9020019,52,1
9020019,56,1
9020019,58,1
9020019,63,4
9020019,66,1
9020019,67,2
9020029,1,3
9020029,2,3
9020029,3,3
9020029,4,3
9020029,5,4
9020029,6,4
9020029,7,3
9020029,8,3
9020029,9,2
9020029,10,3
9020029,11,3
9020029,12,3
9020029,13,3
9020029,14,1
9020029,15,4
9020029,16,4
9020029,17,3
9020029,19,5
9020029,20,4
9020029,21,4
9020029,22,4
9020029,23,2
9020029,24,3
9020029,25,4
9020029,26,5
9020029,27,3
9020029,28,5
9020029,29,5
9020029,30,3
9020029,32,3
9020029,33,1
9020029,49,3
9020029,52,2
9020029,56,4
9020029,58,2
9020029,61,2
9020029,63,3
9020029,66,2
9020029,68,4
9020029,78,2
9020047,1,3
9020047,2,3
9020047,3,2
9020047,4,2
9020047,5,2
9020047,6,4
9020047,7,1
9020047,8,2
9020047,9,2
9020047,10,3
9020047,11,4
9020047,12,3
9020047,13,4
9020047,14,3
9020047,15,3
9020047,16,2
9020047,17,2
9020047,19,3
9020047,20,4
9020047,21,4
9020047,22,1
9020047,23,3
9020047,24,4
9020047,25,1
9020047,26,4
9020047,27,2
9020047,28,2
9020047,29,4
9020047,30,2
9020047,32,2
9020047,33,2
9020047,48,1
9020047,49,2
9020047,51,3
9020047,52,4
9020047,63,2
9020047,66,2
9020047,67,1
9020047,78,1
9020053,1,4
9020053,2,4
9020053,3,3
9020053,4,3
9020053,5,3
9020053,6,4
9020053,7,2
9020053,8,3
9020053,9,4
9020053,10,3
9020053,11,2
9020053,12,3
9020053,13,3
9020053,14,5
9020053,15,4
9020053,16,4
9020053,17,4
9020053,19,3
9020053,20,4
9020053,21,2
9020053,22,4
9020053,23,4
9020053,24,2
9020053,25,3
9020053,26,3
9020053,27,4
9020053,28,4
9020053,29,4
9020053,30,4
9020053,32,2
9020053,33,2
9020053,43,2
9020053,51,5
9020053,52,4
9020053,56,3
9020053,58,1
9020053,60,3
9020053,62,2
9020053,63,3
9020053,66,1
9020053,68,2
9020055,1,2
9020055,2,2
9020055,3,2
9020055,4,2
9020055,5,1
9020055,6,1
9020055,7,3
9020055,8,3
9020055,9,2
9020055,10,2
9020055,11,4
9020055,12,4
9020055,13,4
9020055,14,3
9020055,15,3
9020055,16,3
9020055,17,4
9020055,19,2
9020055,20,3
9020055,21,3
9020055,22,2
9020055,23,2
9020055,24,4
9020055,25,3
9020055,26,3
9020055,27,2
9020055,28,3
9020055,29,1
9020055,30,2
9020055,32,2
9020055,33,1
9020055,40,2
9020055,48,3
9020055,49,2
9020055,51,1
9020055,52,3
9020055,63,1
9020055,66,1
9020055,67,1
9020071,1,2
9020071,2,2
9020071,3,2
9020071,4,2
9020071,5,1
9020071,6,4
9020071,7,2
9020071,8,3
9020071,9,2
9020071,10,3
9020071,11,3
9020071,12,3
9020071,13,3
9020071,14,3
9020071,15,3
9020071,16,3
9020071,17,3
9020071,19,3
9020071,20,2
9020071,21,1
9020071,22,4
9020071,23,3
9020071,24,2
9020071,25,3
9020071,26,3
9020071,27,1
9020071,28,4
9020071,29,1
9020071,30,2
9020071,32,2
9020071,33,2
9020071,43,1
9020071,49,2
9020071,52,3
9020071,58,1
9020071,63,4
9020071,66,1
9020071,67,2
9020071,78,1
8020055,3,2
8020055,4,3
8020055,8,4
8020055,9,1
8020055,14,4
8020055,15,3
8020055,16,2
8020055,17,3
8020055,19,4
8020055,20,4
8020055,21,3
8020055,22,1
8020055,23,3
8020055,24,3
8020055,25,2
8020055,26,4
8020055,27,2
8020055,28,3
8020055,29,3
8020055,30,2
8020055,32,3
8020055,33,2
8020055,40,2
8020055,43,3
8020055,45,2
8020055,51,5
8020055,52,4
8020055,56,2
8020055,58,1
8020055,61,1
8020055,63,3
8020055,66,1
8020055,68,2
9020087,1,3
9020087,2,3
9020087,3,4
9020087,4,3
9020087,5,4
9020087,6,3
9020087,7,3
9020087,8,2
9020087,9,3
9020087,10,4
9020087,11,3
9020087,12,2
9020087,13,3
9020087,14,4
9020087,15,2
9020087,16,2
9020087,17,2
9020087,19,2
9020087,20,2
9020087,21,1
9020087,22,2
9020087,23,4
9020087,24,3
9020087,25,2
9020087,26,2
9020087,27,2
9020087,28,3
9020087,29,2
9020087,30,2
9020087,32,1
9020087,33,1
9020087,40,2
9020087,43,1
9020087,45,4
9020087,51,1
9020087,52,4
9020087,62,5
9020087,63,2
9020087,66,3
9020087,67,1
9020095,1,2
9020095,2,2
9020095,3,3
9020095,4,3
9020095,5,3
9020095,6,1
9020095,7,4
9020095,8,4
9020095,9,4
9020095,10,3
9020095,11,3
9020095,12,3
9020095,13,4
9020095,14,4
9020095,15,4
9020095,16,4
9020095,17,4
9020095,19,2
9020095,20,3
9020095,21,4
9020095,22,4
9020095,23,4
9020095,24,4
9020095,25,2
9020095,26,4
9020095,27,4
9020095,28,4
9020095,29,2
9020095,30,2
9020095,32,2
9020095,33,4
9020095,45,4
9020095,49,4
9020095,51,5
9020095,52,3
9020095,56,4
9020095,58,1
9020095,60,3
9020095,62,3
9020095,63,5
9020095,66,2
9020095,68,3
9020095,78,2
9020092,1,3
9020092,2,3
9020092,3,2
9020092,4,2
9020092,5,2
9020092,6,3
9020092,7,3
9020092,8,4
9020092,9,3
9020092,10,2
9020092,11,3
9020092,12,1
9020092,13,3
9020092,14,4
9020092,15,2
9020092,16,3
9020092,17,3
9020092,19,2
9020092,20,2
9020092,21,3
9020092,22,2
9020092,23,4
9020092,24,2
9020092,25,2
9020092,26,3
9020092,27,2
9020092,28,2
9020092,29,3
9020092,30,1
9020092,32,1
9020092,33,2
9020092,40,1
9020092,43,1
9020092,49,3
9020092,52,3
9020092,56,3
9020092,63,4
9020092,66,1
9020092,67,1
9020111,1,7.7
9020111,2,7.7
9020111,3,7.5
9020111,4,8
9020111,5,8.7
9020111,6,5.9
9020111,7,8.4
9020111,8,9
9020111,9,8.2
9020111,10,6.6
9020111,11,7.6
9020111,12,5.7
9020111,13,5.7
9020111,14,5.75
9020111,16,5.6
9020111,19,7
9020111,20,6.8
9020111,21,4.6
9020111,22,9
9020111,23,7.3
9020111,25,8.3
9020111,26,5.3
9020111,32,6.8
9020112,1,3
9020112,2,3
9020112,3,3
9020112,4,3
9020112,5,1
9020112,6,3
9020112,7,2
9020112,8,3
9020112,9,3
9020112,10,3
9020112,11,3
9020112,12,3
9020112,13,2
9020112,14,3
9020112,15,4
9020112,16,3
9020112,17,4
9020112,19,2
9020112,20,4
9020112,21,2
9020112,22,4
9020112,23,3
9020112,24,4
9020112,25,2
9020112,26,2
9020112,27,3
9020112,28,3
9020112,29,4
9020112,30,3
9020112,32,2
9020112,33,2
9020112,51,4
9020112,52,2
9020112,53,3
9020112,56,2
9020112,58,1
9020112,61,1
9020112,63,4
9020112,66,1
9020112,68,2
9020116,1,7.4
9020116,2,7.4
9020116,3,6
9020116,4,7.3
9020116,5,6.1
9020116,6,4.5
9020116,7,6.6
9020116,8,6.4
9020116,9,5.2
9020116,10,7.3
9020116,11,5.7
9020116,12,6.6
9020116,13,5.1
9020116,14,5.55
9020116,16,6.1
9020116,19,6.2
9020116,20,4.4
9020116,21,6
9020116,22,5.9
9020116,23,4.8
9020116,25,4.8
9020116,26,5.3
9020116,32,7.2
9020120,1,2
9020120,2,2
9020120,3,3
9020120,4,2
9020120,5,3
9020120,6,3
9020120,7,3
9020120,8,4
9020120,9,3
9020120,10,3
9020120,11,2
9020120,12,3
9020120,13,3
9020120,14,4
9020120,15,4
9020120,16,3
9020120,17,4
9020120,19,2
9020120,20,3
9020120,21,3
9020120,22,1
9020120,23,2
9020120,24,1
9020120,25,2
9020120,26,3
9020120,27,2
9020120,28,3
9020120,29,4
9020120,30,3
9020120,32,2
9020120,33,2
9020120,43,2
9020120,48,4
9020120,51,1
9020120,52,4
9020120,61,1
9020120,63,3
9020120,66,2
9020120,68,1
9020120,78,1
9020121,1,3
9020121,2,3
9020121,3,3
9020121,4,2
9020121,5,1
9020121,6,1
9020121,7,2
9020121,8,2
9020121,9,2
9020121,10,4
9020121,11,2
9020121,12,3
9020121,13,4
9020121,14,4
9020121,15,3
9020121,16,4
9020121,17,4
9020121,19,3
9020121,20,2
9020121,21,4
9020121,22,2
9020121,23,3
9020121,24,5
9020121,25,3
9020121,26,3
9020121,27,2
9020121,28,2
9020121,29,1
9020121,30,3
9020121,32,3
9020121,33,2
9020121,43,3
9020121,51,1
9020121,52,2
9020121,56,1
9020121,61,1
9020121,63,4
9020121,66,1
9020121,68,1
9020121,78,1
9020126,1,2
9020126,2,2
9020126,3,3
9020126,4,3
9020126,5,3
9020126,6,1
9020126,7,3
9020126,8,3
9020126,9,3
9020126,10,2
9020126,11,3
9020126,12,3
9020126,13,2
9020126,14,4
9020126,15,2
9020126,16,2
9020126,17,2
9020126,19,3
9020126,20,2
9020126,21,3
9020126,22,2
9020126,23,4
9020126,24,2
9020126,25,4
9020126,26,3
9020126,27,3
9020126,28,3
9020126,29,5
9020126,30,4
9020126,32,1
9020126,33,2
9020126,45,3
9020126,51,3
9020126,52,4
9020126,56,4
9020126,58,1
9020126,61,1
9020126,63,1
9020126,66,2
9020126,68,1
9020137,1,2
9020137,2,2
9020137,3,2
9020137,4,2
9020137,5,3
9020137,6,4
9020137,7,3
9020137,8,4
9020137,9,3
9020137,10,3
9020137,11,3
9020137,12,1
9020137,13,3
9020137,14,5
9020137,15,5
9020137,16,2
9020137,17,3
9020137,19,3
9020137,20,3
9020137,21,3
9020137,22,4
9020137,23,3
9020137,24,4
9020137,25,4
9020137,26,4
9020137,27,3
9020137,28,2
9020137,29,2
9020137,30,3
9020137,32,2
9020137,33,3
9020137,45,4
9020137,51,3
9020137,52,2
9020137,56,5
9020137,58,1
9020137,61,1
9020137,63,4
9020137,66,2
9020137,68,4
9020137,70,3
8020118,3,2
8020118,4,2
8020118,8,4
8020118,9,4
8020118,14,3
8020118,15,3
8020118,16,3
8020118,17,3
8020118,19,3
8020118,20,3
8020118,21,4
8020118,22,4
8020118,23,3
8020118,24,4
8020118,25,4
8020118,26,3
8020118,27,4
8020118,28,4
8020118,29,5
8020118,30,4
8020118,32,2
8020118,33,2
8020118,43,2
8020118,49,3
8020118,51,5
8020118,52,4
8020118,53,3
8020118,58,1
8020118,61,1
8020118,63,3
8020118,66,5
8020118,68,4
6020105,8,4
6020105,9,4
6020105,10,3
6020105,15,4
6020105,16,3
6020105,17,5
6020105,19,3
6020105,21,3
6020105,22,5
6020105,23,5
6020105,24,5
6020105,25,5
6020105,27,5
6020105,29,5
6020105,32,5
6020105,33,5
6020105,63,5
9020160,1,2
9020160,2,2
9020160,3,3
9020160,4,3
9020160,5,1
9020160,6,3
9020160,7,2
9020160,8,3
9020160,9,3
9020160,10,4
9020160,11,3
9020160,12,3
9020160,13,4
9020160,14,5
9020160,15,3
9020160,16,3
9020160,17,3
9020160,19,3
9020160,20,3
9020160,21,4
9020160,22,4
9020160,23,4
9020160,24,4
9020160,25,4
9020160,26,2
9020160,27,3
9020160,28,4
9020160,29,1
9020160,30,2
9020160,32,4
9020160,33,2
9020160,40,3
9020160,48,4
9020160,49,4
9020160,51,4
9020160,52,4
9020160,60,2
9020160,63,5
9020160,66,5
9020160,68,2
9020175,1,2
9020175,2,2
9020175,3,3
9020175,4,2
9020175,5,1
9020175,6,2
9020175,7,4
9020175,8,3
9020175,9,4
9020175,10,3
9020175,11,2
9020175,12,4
9020175,13,4
9020175,14,4
9020175,15,3
9020175,16,3
9020175,17,2
9020175,19,3
9020175,20,4
9020175,21,3
9020175,22,1
9020175,23,4
9020175,24,3
9020175,25,4
9020175,26,4
9020175,27,2
9020175,28,2
9020175,29,4
9020175,30,1
9020175,32,1
9020175,33,1
9020175,45,2
9020175,48,2
9020175,51,1
9020175,52,3
9020175,63,2
9020175,66,1
9020175,67,1
9020175,78,1
8020159,8,4
8020159,9,5
8020159,14,4
8020159,16,5
8020159,17,5
8020159,19,5
8020159,20,5
8020159,21,5
8020159,22,5
8020159,26,5
9020185,1,2
9020185,2,2
9020185,3,2
9020185,4,2
9020185,5,2
9020185,6,4
9020185,7,1
9020185,8,3
9020185,9,3
9020185,10,2
9020185,11,4
9020185,12,3
9020185,13,4
9020185,14,3
9020185,15,2
9020185,16,3
9020185,17,2
9020185,19,3
9020185,20,3
9020185,21,2
9020185,22,3
9020185,23,3
9020185,24,3
9020185,25,3
9020185,26,4
9020185,27,3
9020185,28,2
9020185,29,1
9020185,30,2
9020185,32,2
9020185,33,2
9020185,43,1
9020185,48,2
9020185,51,3
9020185,52,4
9020185,58,1
9020185,63,2
9020185,66,1
9020185,67,1
9020186,1,7.7
9020186,2,7.7
9020186,3,6.2
9020186,4,5.2
9020186,5,9.4
9020186,7,8.6
9020186,8,7.9
9020186,9,7.5
9020186,10,5.9
9020186,11,6.9
9020186,12,8.6
9020186,13,6.8
9020186,19,4
9020186,20,5.3
9020186,21,4.2
9020186,22,8.6
9020186,23,6.8
9020186,25,6.6
9020186,26,6.9
9020186,32,4.8
9020239,1,2
9020239,2,2
9020239,3,3
9020239,4,2
9020239,5,1
9020239,6,4
9020239,7,2
9020239,8,3
9020239,9,2
9020239,10,2
9020239,11,2
9020239,12,4
9020239,13,3
9020239,14,4
9020239,15,2
9020239,16,3
9020239,17,3
9020239,19,3
9020239,20,3
9020239,21,3
9020239,22,1
9020239,23,3
9020239,24,3
9020239,25,3
9020239,26,3
9020239,27,2
9020239,28,3
9020239,29,2
9020239,30,2
9020239,32,2
9020239,33,1
9020239,40,2
9020239,48,3
9020239,49,1
9020239,51,1
9020239,52,3
9020239,63,2
9020239,66,2
9020239,67,2
8020185,3,3
8020185,4,4
8020185,8,3
8020185,9,5
8020185,13,3
8020185,14,3
8020185,15,4
8020185,16,3
8020185,17,4
8020185,19,4
8020185,20,2
8020185,21,4
8020185,22,2
8020185,23,2
8020185,24,3
8020185,25,2
8020185,26,3
8020185,27,3
8020185,28,3
8020185,29,4
8020185,30,3
8020185,32,2
8020185,33,2
8020185,43,2
8020185,51,5
8020185,52,3
8020185,56,2
8020185,58,5
8020185,61,1
8020185,63,3
8020185,66,1
8020185,68,2
8020185,70,3
8020185,78,3
9020220,1,2
9020220,2,2
9020220,3,3
9020220,4,4
9020220,5,3
9020220,6,3
9020220,7,4
9020220,8,4
9020220,9,4
9020220,10,4
9020220,11,4
9020220,12,4
9020220,13,2
9020220,14,5
9020220,15,3
9020220,16,1
9020220,17,4
9020220,19,2
9020220,20,4
9020220,21,3
9020220,22,3
9020220,23,4
9020220,24,4
9020220,25,4
9020220,26,1
9020220,27,3
9020220,28,3
9020220,29,5
9020220,30,2
9020220,32,2
9020220,33,3
9020220,40,3
9020220,45,3
9020220,49,4
9020220,51,5
9020220,52,4
9020220,60,3
9020220,63,2
9020220,66,1
9020220,68,1
9020220,70,3
8020188,3,2
8020188,4,2
8020188,6,1
8020188,8,3
8020188,9,3
8020188,14,5
8020188,15,4
8020188,16,5
8020188,17,3
8020188,19,3
8020188,20,3
8020188,21,3
8020188,22,1
8020188,23,4
8020188,24,3
8020188,25,3
8020188,26,4
8020188,27,2
8020188,28,3
8020188,29,5
8020188,30,3
8020188,32,3
8020188,33,2
8020188,43,4
8020188,49,2
8020188,51,5
8020188,52,3
8020188,58,2
8020188,61,1
8020188,62,3
8020188,63,3
8020188,66,2
8020188,68,2
8020188,78,5
9020249,1,2
9020249,2,2
9020249,3,4
9020249,4,3
9020249,5,2
9020249,6,3
9020249,7,2
9020249,8,3
9020249,9,2
9020249,10,2
9020249,11,2
9020249,12,4
9020249,13,3
9020249,14,3
9020249,15,4
9020249,16,3
9020249,17,4
9020249,19,4
9020249,20,4
9020249,21,2
9020249,22,2
9020249,23,3
9020249,24,3
9020249,25,2
9020249,26,4
9020249,27,3
9020249,28,4
9020249,29,4
9020249,30,2
9020249,32,1
9020249,33,1
9020249,45,2
9020249,51,3
9020249,52,1
9020249,53,4
9020249,58,1
9020249,63,3
9020249,66,1
9020249,67,1
9020256,1,3
9020256,2,3
9020256,3,2
9020256,4,3
9020256,5,3
9020256,6,3
9020256,7,2
9020256,8,3
9020256,9,3
9020256,10,3
9020256,11,2
9020256,12,4
9020256,13,5
9020256,14,4
9020256,15,4
9020256,16,2
9020256,17,4
9020256,19,4
9020256,20,4
9020256,21,4
9020256,22,2
9020256,23,3
9020256,24,1
9020256,25,3
9020256,26,2
9020256,27,2
9020256,28,3
9020256,29,4
9020256,30,4
9020256,32,3
9020256,33,4
9020256,43,3
9020256,48,4
9020256,51,1
9020256,52,4
9020256,61,1
9020256,63,4
9020256,66,1
9020256,68,1
9020256,78,1
9020260,1,3
9020260,2,3
9020260,3,3
9020260,4,2
9020260,5,2
9020260,6,4
9020260,7,3
9020260,8,4
9020260,9,3
9020260,10,3
9020260,11,2
9020260,12,4
9020260,13,4
9020260,14,4
9020260,15,4
9020260,16,3
9020260,17,2
9020260,19,4
9020260,20,2
9020260,21,4
9020260,22,4
9020260,23,4
9020260,24,3
9020260,25,4
9020260,26,2
9020260,27,1
9020260,28,4
9020260,29,2
9020260,30,4
9020260,32,4
9020260,33,3
9020260,43,3
9020260,48,3
9020260,51,2
9020260,52,3
9020260,58,1
9020260,61,1
9020260,63,3
9020260,66,2
9020260,68,1
9020262,1,3
9020262,2,3
9020262,3,3
9020262,4,3
9020262,5,2
9020262,6,4
9020262,7,2
9020262,8,2
9020262,9,3
9020262,10,3
9020262,11,4
9020262,12,2
9020262,13,2
9020262,14,4
9020262,15,2
9020262,16,4
9020262,17,2
9020262,19,2
9020262,20,4
9020262,21,4
9020262,22,3
9020262,23,4
9020262,24,4
9020262,25,2
9020262,26,3
9020262,27,2
9020262,28,3
9020262,29,3
9020262,30,2
9020262,32,2
9020262,33,1
9020262,48,2
9020262,51,1
9020262,52,4
9020262,53,2
9020262,61,1
9020262,63,3
9020262,66,1
9020262,68,1
9020262,76,2
9020281,1,2
9020281,2,2
9020281,3,2
9020281,4,2
9020281,5,2
9020281,6,1
9020281,7,3
9020281,8,3
9020281,9,3
9020281,10,3
9020281,11,3
9020281,12,3
9020281,13,4
9020281,14,3
9020281,15,3
9020281,16,2
9020281,17,2
9020281,19,1
9020281,20,2
9020281,21,1
9020281,22,1
9020281,23,5
9020281,24,4
9020281,25,3
9020281,26,3
9020281,27,3
9020281,28,3
9020281,29,2
9020281,30,2
9020281,32,1
9020281,33,2
9020281,45,3
9020281,49,1
9020281,51,1
9020281,52,2
9020281,56,2
9020281,63,2
9020281,66,2
9020281,67,2
9020288,1,3
9020288,2,3
9020288,3,2
9020288,4,2
9020288,5,2
9020288,6,3
9020288,7,3
9020288,8,2
9020288,9,3
9020288,10,3
9020288,11,3
9020288,12,2
9020288,13,3
9020288,14,2
9020288,15,4
9020288,16,3
9020288,17,4
9020288,19,2
9020288,20,4
9020288,21,4
9020288,22,1
9020288,23,3
9020288,24,2
9020288,25,3
9020288,26,4
9020288,27,2
9020288,28,2
9020288,29,1
9020288,30,3
9020288,32,2
9020288,33,3
9020288,45,2
9020288,51,3
9020288,52,2
9020288,56,2
9020288,58,1
9020288,63,2
9020288,66,2
9020288,67,2
9020301,1,3
9020301,2,3
9020301,3,2
9020301,4,3
9020301,5,2
9020301,6,2
9020301,7,2
9020301,8,3
9020301,9,3
9020301,10,3
9020301,11,1
9020301,12,2
9020301,13,4
9020301,14,5
9020301,15,4
9020301,16,1
9020301,17,3
9020301,19,2
9020301,20,3
9020301,21,4
9020301,22,3
9020301,23,4
9020301,24,3
9020301,25,3
9020301,26,3
9020301,27,3
9020301,28,3
9020301,29,2
9020301,30,2
9020301,32,2
9020301,33,2
9020301,40,3
9020301,43,3
9020301,45,2
9020301,48,2
9020301,52,2
9020301,61,1
9020301,63,2
9020301,66,5
9020301,68,2
9020301,78,2
9020325,1,3
9020325,2,3
9020325,3,4
9020325,4,2
9020325,5,2
9020325,6,4
9020325,7,3
9020325,8,4
9020325,9,3
9020325,10,4
9020325,11,3
9020325,12,4
9020325,13,4
9020325,14,4
9020325,16,2
9020325,17,5
9020325,19,3
9020325,20,4
9020325,21,5
9020325,23,5
9020325,24,5
9020325,26,3
9020325,28,4
9020325,29,5
9020325,32,3
9020325,33,5
9020325,51,5
9020325,63,5
8020255,8,5
8020255,9,5
8020255,14,3
8020255,16,5
8020255,17,3
8020255,19,5
8020255,20,5
8020255,21,3
8020255,22,5
8020255,26,5
9020331,1,2
9020331,2,2
9020331,3,3
9020331,4,4
9020331,5,2
9020331,6,1
9020331,7,3
9020331,8,4
9020331,9,4
9020331,10,2
9020331,11,2
9020331,12,2
9020331,13,4
9020331,14,3
9020331,15,2
9020331,16,2
9020331,17,2
9020331,19,1
9020331,20,3
9020331,21,2
9020331,22,1
9020331,23,3
9020331,24,2
9020331,25,2
9020331,26,3
9020331,27,3
9020331,28,3
9020331,29,1
9020331,30,3
9020331,32,1
9020331,33,1
9020331,40,1
9020331,43,1
9020331,51,1
9020331,52,3
9020331,63,1
9020331,66,1
9020331,67,1
9020331,78,1
9020349,1,3
9020349,2,3
9020349,3,4
9020349,4,3
9020349,5,2
9020349,6,3
9020349,7,3
9020349,8,3
9020349,9,4
9020349,10,3
9020349,11,4
9020349,12,4
9020349,13,3
9020349,14,4
9020349,15,4
9020349,16,3
9020349,17,4
9020349,19,3
9020349,20,5
9020349,21,2
9020349,22,3
9020349,23,3
9020349,24,3
9020349,25,3
9020349,26,3
9020349,27,4
9020349,28,3
9020349,29,3
9020349,30,3
9020349,32,3
9020349,33,4
9020349,45,3
9020349,51,5
9020349,52,4
9020349,53,4
9020349,58,2
9020349,61,1
9020349,62,5
9020349,63,3
9020349,66,1
9020349,68,1
9020349,70,3
9020349,76,5
8020274,3,4
8020274,4,3
8020274,8,3
8020274,9,2
8020274,14,4
8020274,15,2
8020274,16,3
8020274,17,3
8020274,19,4
8020274,20,2
8020274,21,4
8020274,22,3
8020274,23,3
8020274,24,4
8020274,25,4
8020274,26,3
8020274,27,2
8020274,28,4
8020274,29,2
8020274,30,3
8020274,32,1
8020274,33,4
8020274,43,5
8020274,49,4
8020274,51,1
8020274,52,3
8020274,56,2
8020274,60,2
8020274,62,4
8020274,63,3
8020274,66,1
8020274,68,1
9020359,1,2
9020359,2,2
9020359,3,2
9020359,4,2
9020359,5,3
9020359,6,1
9020359,7,2
9020359,8,3
9020359,9,2
9020359,10,3
9020359,11,3
9020359,12,3
9020359,13,3
9020359,14,4
9020359,15,3
9020359,16,3
9020359,17,4
9020359,19,3
9020359,20,2
9020359,21,2
9020359,22,3
9020359,23,4
9020359,24,2
9020359,25,3
9020359,26,2
9020359,27,2
9020359,28,2
9020359,29,1
9020359,30,3
9020359,32,2
9020359,33,3
9020359,45,3
9020359,51,3
9020359,52,4
9020359,53,4
9020359,56,3
9020359,63,3
9020359,66,2
9020359,67,2
9020379,1,3
9020379,2,3
9020379,3,3
9020379,4,2
9020379,5,3
9020379,6,1
9020379,7,2
9020379,8,3
9020379,9,3
9020379,10,3
9020379,11,3
9020379,12,2
9020379,13,3
9020379,14,2
9020379,15,1
9020379,16,1
9020379,17,2
9020379,19,3
9020379,20,2
9020379,21,1
9020379,22,2
9020379,23,3
9020379,24,3
9020379,25,2
9020379,26,1
9020379,27,1
9020379,28,2
9020379,29,1
9020379,30,1
9020379,32,2
9020379,33,2
9020379,43,1
9020379,49,1
9020379,52,2
9020379,58,1
9020379,63,4
9020379,66,2
9020379,67,1
9020379,78,1
9020381,1,3
9020381,2,3
9020381,3,4
9020381,4,2
9020381,5,2
9020381,6,2
9020381,7,2
9020381,8,3
9020381,9,3
9020381,10,3
9020381,11,4
9020381,12,3
9020381,13,4
9020381,14,4
9020381,15,4
9020381,16,3
9020381,17,4
9020381,19,4
9020381,20,2
9020381,21,4
9020381,22,2
9020381,23,4
9020381,24,3
9020381,25,3
9020381,26,2
9020381,27,4
9020381,28,4
9020381,29,5
9020381,30,4
9020381,32,5
9020381,33,2
9020381,43,2
9020381,51,2
9020381,52,4
9020381,56,3
9020381,58,1
9020381,61,1
9020381,63,4
9020381,66,1
9020381,68,3
9020394,1,7.5
9020394,2,7.5
9020394,5,7.5
9020394,6,2.4
9020394,7,6.2
9020394,8,6.3
9020394,9,5.1
9020394,10,4.8
9020394,11,0
9020394,12,6.4
9020394,13,3.9
9020394,14,3.7
9020394,16,4.7
9020394,19,4.7
9020394,20,4.2
9020394,21,0
9020394,23,2.9
9020394,26,5
9020394,32,5.3
9020398,1,3
9020398,2,3
9020398,3,2
9020398,4,3
9020398,5,3
9020398,6,2
9020398,7,2
9020398,8,4
9020398,9,3
9020398,10,2
9020398,11,3
9020398,12,3
9020398,13,3
9020398,14,3
9020398,15,4
9020398,16,1
9020398,17,4
9020398,19,1
9020398,20,3
9020398,21,3
9020398,22,1
9020398,23,3
9020398,24,2
9020398,25,1
9020398,26,4
9020398,27,2
9020398,28,3
9020398,29,4
9020398,30,2
9020398,32,2
9020398,33,2
9020398,40,2
9020398,43,1
9020398,52,4
9020398,56,3
9020398,63,3
9020398,66,2
9020398,67,1
9020398,76,2
9020402,1,3
9020402,2,3
9020402,3,2
9020402,4,2
9020402,5,2
9020402,6,2
9020402,7,3
9020402,8,3
9020402,9,3
9020402,10,3
9020402,11,3
9020402,12,3
9020402,13,3
9020402,14,3
9020402,15,4
9020402,16,1
9020402,17,3
9020402,19,2
9020402,20,3
9020402,21,4
9020402,22,2
9020402,23,4
9020402,24,3
9020402,25,3
9020402,26,4
9020402,27,2
9020402,28,3
9020402,29,4
9020402,30,1
9020402,32,1
9020402,33,1
9020402,40,3
9020402,45,2
9020402,51,3
9020402,52,4
9020402,53,3
9020402,58,2
9020402,63,3
9020402,66,2
9020402,67,2
9020424,1,3
9020424,2,3
9020424,3,2
9020424,4,4
9020424,5,1
9020424,6,1
9020424,7,3
9020424,8,4
9020424,9,4
9020424,10,2
9020424,11,1
9020424,12,3
9020424,13,3
9020424,14,5
9020424,15,3
9020424,16,1
9020424,17,4
9020424,19,4
9020424,20,2
9020424,21,2
9020424,22,2
9020424,23,4
9020424,24,3
9020424,25,4
9020424,26,2
9020424,27,3
9020424,28,3
9020424,29,5
9020424,30,2
9020424,32,3
9020424,33,3
9020424,40,3
9020424,43,5
9020424,45,2
9020424,48,5
9020424,52,4
9020424,53,5
9020424,58,5
9020424,60,3
9020424,63,3
9020424,64,5
9020424,66,1
9020424,68,3
9020435,1,2
9020435,2,2
9020435,3,3
9020435,4,3
9020435,5,2
9020435,6,3
9020435,7,2
9020435,8,4
9020435,9,3
9020435,10,1
9020435,11,3
9020435,12,2
9020435,13,3
9020435,14,3
9020435,15,3
9020435,16,1
9020435,17,3
9020435,19,2
9020435,20,2
9020435,21,1
9020435,22,1
9020435,23,3
9020435,24,4
9020435,25,3
9020435,26,2
9020435,27,3
9020435,28,3
9020435,29,5
9020435,30,2
9020435,32,1
9020435,33,3
9020435,43,2
9020435,45,2
9020435,49,2
9020435,52,4
9020435,56,3
9020435,63,3
9020435,66,1
9020435,67,1
9020450,1,4
9020450,2,4
9020450,3,3
9020450,4,3
9020450,5,2
9020450,6,3
9020450,7,1
9020450,8,2
9020450,9,2
9020450,10,5
9020450,11,4
9020450,12,3
9020450,13,3
9020450,14,3
9020450,15,4
9020450,16,3
9020450,17,3
9020450,19,4
9020450,20,3
9020450,21,4
9020450,22,3
9020450,23,3
9020450,24,3
9020450,25,3
9020450,26,4
9020450,27,2
9020450,28,3
9020450,29,5
9020450,30,3
9020450,32,3
9020450,33,2
9020450,43,4
9020450,52,3
9020450,53,4
9020450,56,1
9020450,58,2
9020450,61,1
9020450,63,3
9020450,66,2
9020450,68,2
8020367,3,3
8020367,4,2
8020367,8,4
8020367,9,2
8020367,14,3
8020367,15,4
8020367,16,1
8020367,17,4
8020367,19,3
8020367,20,3
8020367,21,4
8020367,22,4
8020367,23,3
8020367,24,2
8020367,25,3
8020367,26,1
8020367,27,3
8020367,28,3
8020367,29,1
8020367,30,1
8020367,32,2
8020367,33,3
8020367,43,4
8020367,45,2
8020367,51,2
8020367,52,4
8020367,61,1
8020367,62,4
8020367,63,3
8020367,66,1
8020367,68,2
8020367,78,1
9020467,1,2
9020467,2,2
9020467,3,2
9020467,4,2
9020467,5,3
9020467,6,4
9020467,7,2
9020467,8,3
9020467,9,4
9020467,10,3
9020467,11,4
9020467,12,3
9020467,13,3
9020467,14,3
9020467,15,3
9020467,16,1
9020467,17,4
9020467,19,2
9020467,20,1
9020467,21,3
9020467,22,2
9020467,23,1
9020467,24,1
9020467,25,2
9020467,26,4
9020467,27,2
9020467,28,3
9020467,29,2
9020467,30,3
9020467,32,1
9020467,33,2
9020467,43,2
9020467,48,3
9020467,51,2
9020467,52,3
9020467,63,3
9020467,66,2
9020467,67,1
9020467,78,1
9020471,1,3
9020471,2,3
9020471,3,2
9020471,4,3
9020471,5,2
9020471,6,4
9020471,7,4
9020471,8,4
9020471,9,3
9020471,10,3
9020471,11,3
9020471,12,4
9020471,13,3
9020471,14,4
9020471,15,4
9020471,16,3
9020471,17,4
9020471,19,3
9020471,20,3
9020471,21,3
9020471,22,3
9020471,23,3
9020471,24,4
9020471,25,3
9020471,26,3
9020471,27,2
9020471,28,3
9020471,29,2
9020471,30,2
9020471,32,2
9020471,33,2
9020471,43,4
9020471,49,3
9020471,51,5
9020471,52,3
9020471,56,3
9020471,58,1
9020471,60,3
9020471,63,2
9020471,66,3
9020471,68,1
9020475,1,2
9020475,2,2
9020475,5,2
9020475,6,4
9020475,7,2
9020475,8,3
9020475,9,3
9020475,10,3
9020475,11,5
9020475,12,4
9020475,13,3
9020475,14,5
9020475,15,5
9020475,16,5
9020475,17,5
9020475,19,4
9020475,20,5
9020475,21,5
9020475,22,4
9020475,23,5
9020475,24,5
9020475,26,4
9020475,32,5
9020475,33,5
9020479,1,4
9020479,2,4
9020479,3,3
9020479,4,3
9020479,5,2
9020479,6,3
9020479,7,2
9020479,8,3
9020479,9,3
9020479,10,2
9020479,11,3
9020479,12,3
9020479,13,3
9020479,14,4
9020479,15,4
9020479,16,4
9020479,17,4
9020479,19,2
9020479,20,3
9020479,21,4
9020479,22,4
9020479,23,3
9020479,24,4
9020479,25,2
9020479,26,3
9020479,27,3
9020479,28,4
9020479,29,4
9020479,30,3
9020479,32,2
9020479,33,2
9020479,48,4
9020479,52,2
9020479,56,4
9020479,58,1
9020479,61,2
9020479,63,4
9020479,66,2
9020479,68,2
8020384,4,5.2
8020384,8,4.2
8020384,9,5
8020384,14,6.7
8020384,16,6.4
8020384,20,6.6
8020384,21,6.4
8020384,22,1.4
8020384,23,6.2
8020384,25,6.1
8020384,26,6.2
8020384,32,7.2
9020496,1,3
9020496,2,3
9020496,3,2
9020496,4,2
9020496,5,3
9020496,6,3
9020496,7,3
9020496,8,3
9020496,9,4
9020496,10,5
9020496,11,3
9020496,12,3
9020496,13,2
9020496,14,4
9020496,15,5
9020496,16,2
9020496,17,4
9020496,19,2
9020496,20,5
9020496,21,4
9020496,22,4
9020496,23,3
9020496,24,5
9020496,25,3
9020496,26,3
9020496,28,4
9020496,29,5
9020496,30,5
9020496,32,3
9020496,33,4
9020496,45,2
9020496,52,5
9020496,61,1
9020496,62,3
9020496,63,4
9020496,64,5
9020496,66,1
9020496,68,2
9020496,69,4
9020496,71,4
9020496,76,2
9020512,1,3
9020512,2,3
9020512,3,3
9020512,4,2
9020512,5,2
9020512,6,3
9020512,7,3
9020512,8,3
9020512,9,3
9020512,10,5
9020512,11,3
9020512,12,4
9020512,13,4
9020512,14,5
9020512,15,4
9020512,16,3
9020512,17,4
9020512,19,4
9020512,20,3
9020512,21,4
9020512,22,3
9020512,23,4
9020512,24,3
9020512,25,4
9020512,26,2
9020512,27,4
9020512,28,3
9020512,29,2
9020512,30,3
9020512,32,2
9020512,33,3
9020512,40,4
9020512,43,2
9020512,45,5
9020512,51,1
9020512,52,4
9020512,61,1
9020512,63,3
9020512,64,5
9020512,66,1
9020512,68,2
9020512,78,3
9020521,1,4
9020521,2,4
9020521,3,4
9020521,4,4
9020521,5,2
9020521,6,3
9020521,7,3
9020521,8,3
9020521,9,3
9020521,10,2
9020521,11,3
9020521,12,3
9020521,13,3
9020521,14,3
9020521,15,3
9020521,16,2
9020521,17,4
9020521,19,3
9020521,20,2
9020521,21,2
9020521,22,3
9020521,23,2
9020521,24,1
9020521,25,3
9020521,26,1
9020521,27,2
9020521,28,3
9020521,29,1
9020521,30,2
9020521,32,2
9020521,33,3
9020521,40,3
9020521,43,1
9020521,49,3
9020521,52,4
9020521,56,4
9020521,63,3
9020521,66,2
9020521,67,2
9020525,1,2
9020525,2,2
9020525,3,2
9020525,4,2
9020525,5,3
9020525,6,1
9020525,7,3
9020525,8,4
9020525,9,3
9020525,10,1
9020525,11,2
9020525,12,3
9020525,13,2
9020525,14,1
9020525,15,1
9020525,16,1
9020525,17,1
9020525,19,1
9020525,20,2
9020525,21,4
9020525,22,1
9020525,23,2
9020525,24,2
9020525,25,2
9020525,26,4
9020525,27,1
9020525,28,2
9020525,29,1
9020525,30,1
9020525,32,1
9020525,33,1
9020525,40,1
9020525,43,1
9020525,52,4
9020525,62,2
9020525,63,1
9020525,66,1
9020525,67,2
9020525,78,1
9020536,1,2
9020536,2,2
9020536,3,3
9020536,4,2
9020536,5,1
9020536,6,3
9020536,7,3
9020536,8,4
9020536,9,3
9020536,10,3
9020536,11,3
9020536,12,3
9020536,13,4
9020536,14,3
9020536,15,3
9020536,16,2
9020536,17,2
9020536,19,1
9020536,20,2
9020536,21,2
9020536,22,1
9020536,23,3
9020536,24,4
9020536,25,2
9020536,26,3
9020536,27,4
9020536,28,3
9020536,29,4
9020536,30,3
9020536,32,2
9020536,33,1
9020536,43,2
9020536,45,2
9020536,51,1
9020536,52,3
9020536,56,3
9020536,63,3
9020536,66,1
9020536,67,1
9020540,1,5.7
9020540,2,5.7
9020540,4,5.6
9020540,5,9.6
9020540,6,10
9020540,7,8.3
9020540,8,6.4
9020540,9,6.1
9020540,10,9.75
9020540,11,8.3
9020540,12,8.3
9020540,13,9.2
9020540,14,5.55
9020540,16,10
9020540,19,10
9020540,20,10
9020540,21,8.6
9020540,22,7.7
9020540,23,8.8
9020540,25,5.7
9020540,26,9.8
9020540,32,9.7
8020418,3,3
8020418,4,5
8020418,8,4
8020418,9,2
8020418,10,3
8020418,13,2
8020418,14,3
8020418,15,4
8020418,16,2
8020418,17,3
8020418,19,3
8020418,20,4
8020418,21,4
8020418,22,4
8020418,23,4
8020418,24,3
8020418,25,4
8020418,26,3
8020418,27,2
8020418,28,4
8020418,29,4
8020418,30,4
8020418,32,2
8020418,33,4
8020418,43,5
8020418,51,5
8020418,52,4
8020418,53,5
8020418,56,3
8020418,58,2
8020418,61,1
8020418,62,4
8020418,63,4
8020418,64,5
8020418,66,2
8020418,68,2
8020418,78,4
9020552,1,3
9020552,2,3
9020552,3,2
9020552,4,2
9020552,5,3
9020552,6,1
9020552,7,3
9020552,8,3
9020552,9,4
9020552,10,2
9020552,11,3
9020552,12,2
9020552,13,2
9020552,14,4
9020552,15,3
9020552,16,4
9020552,17,3
9020552,19,2
9020552,20,3
9020552,21,4
9020552,22,2
9020552,23,2
9020552,24,2
9020552,25,2
9020552,26,2
9020552,27,2
9020552,28,2
9020552,29,3
9020552,30,3
9020552,32,2
9020552,33,3
9020552,40,2
9020552,45,2
9020552,51,3
9020552,52,4
9020552,56,3
9020552,58,1
9020552,63,3
9020552,66,1
9020552,67,1
9020569,1,5
9020569,2,5
9020569,3,3
9020569,4,3
9020569,5,2
9020569,6,5
9020569,7,3
9020569,8,4
9020569,9,4
9020569,10,4
9020569,11,3
9020569,12,3
9020569,13,4
9020569,14,3
9020569,15,4
9020569,16,3
9020569,17,4
9020569,19,4
9020569,20,3
9020569,21,2
9020569,22,2
9020569,23,4
9020569,24,3
9020569,25,4
9020569,26,4
9020569,27,2
9020569,28,3
9020569,29,5
9020569,30,2
9020569,31,5
9020569,32,4
9020569,33,3
9020569,43,3
9020569,48,3
9020569,51,1
9020569,52,4
9020569,61,1
9020569,63,4
9020569,64,5
9020569,66,2
9020569,68,1
9020569,70,4
7020459,8,5
7020459,9,5
7020459,14,5
7020459,16,5
7020459,17,5
7020459,19,5
7020459,20,5
7020459,21,5
7020459,22,5
7020459,23,5
7020459,25,5
7020459,26,5
7020459,32,5
9020571,1,3
9020571,2,3
9020571,3,3
9020571,4,3
9020571,5,4
9020571,6,4
9020571,7,2
9020571,8,3
9020571,9,3
9020571,10,4
9020571,11,4
9020571,12,3
9020571,13,3
9020571,14,4
9020571,15,4
9020571,16,3
9020571,17,4
9020571,19,4
9020571,20,3
9020571,21,2
9020571,22,3
9020571,23,4
9020571,24,4
9020571,25,4
9020571,26,3
9020571,27,2
9020571,28,5
9020571,29,5
9020571,30,3
9020571,32,3
9020571,33,4
9020571,48,3
9020571,51,1
9020571,52,4
9020571,56,5
9020571,61,1
9020571,63,4
9020571,66,1
9020571,68,5
9020579,1,2
9020579,2,2
9020579,3,3
9020579,4,3
9020579,5,3
9020579,6,3
9020579,7,3
9020579,8,4
9020579,9,3
9020579,10,3
9020579,11,4
9020579,12,3
9020579,13,3
9020579,14,4
9020579,15,3
9020579,16,2
9020579,17,1
9020579,19,3
9020579,20,2
9020579,21,4
9020579,22,4
9020579,23,3
9020579,24,2
9020579,25,4
9020579,26,3
9020579,27,2
9020579,28,3
9020579,29,5
9020579,30,2
9020579,32,3
9020579,33,2
9020579,43,2
9020579,45,1
9020579,49,2
9020579,52,4
9020579,56,2
9020579,63,2
9020579,66,1
9020579,67,2
9020580,1,2
9020580,2,2
9020580,3,3
9020580,4,3
9020580,5,2
9020580,6,3
9020580,7,3
9020580,8,4
9020580,9,4
9020580,10,3
9020580,11,3
9020580,12,3
9020580,13,3
9020580,14,2
9020580,15,4
9020580,16,4
9020580,17,4
9020580,19,3
9020580,20,3
9020580,21,4
9020580,22,3
9020580,23,3
9020580,24,4
9020580,25,2
9020580,26,2
9020580,27,2
9020580,28,4
9020580,29,2
9020580,30,4
9020580,32,3
9020580,33,2
9020580,43,3
9020580,51,2
9020580,52,3
9020580,56,4
9020580,58,1
9020580,61,1
9020580,63,3
9020580,66,1
9020580,68,3
8020454,3,2
8020454,4,3
8020454,6,2
8020454,8,3
8020454,9,5
8020454,14,4
8020454,15,4
8020454,16,3
8020454,17,4
8020454,19,4
8020454,20,4
8020454,21,4
8020454,22,4
8020454,24,3
8020454,25,5
8020454,26,3
8020454,27,4
8020454,28,4
8020454,29,4
8020454,30,2
8020454,32,4
8020454,33,3
8020454,40,3
8020454,43,5
8020454,45,3
8020454,48,3
8020454,49,2
8020454,52,4
8020454,58,3
8020454,61,1
8020454,63,4
8020454,66,2
8020454,68,3
9020594,1,2
9020594,2,2
9020594,3,3
9020594,4,2
9020594,5,2
9020594,6,3
9020594,7,2
9020594,8,3
9020594,9,3
9020594,10,4
9020594,11,3
9020594,12,3
9020594,13,1
9020594,14,2
9020594,15,2
9020594,16,2
9020594,17,4
9020594,19,3
9020594,20,3
9020594,21,4
9020594,22,1
9020594,23,4
9020594,24,5
9020594,25,2
9020594,26,4
9020594,27,2
9020594,28,3
9020594,29,5
9020594,30,2
9020594,32,3
9020594,33,1
9020594,40,3
9020594,43,1
9020594,45,3
9020594,52,3
9020594,56,4
9020594,63,1
9020594,66,3
9020594,67,2
9020574,1,2
9020574,2,2
9020574,3,1
9020574,4,3
9020574,5,2
9020574,6,1
9020574,7,2
9020574,8,3
9020574,9,3
9020574,10,4
9020574,11,3
9020574,12,4
9020574,13,2
9020574,14,4
9020574,15,4
9020574,16,2
9020574,17,4
9020574,19,3
9020574,20,3
9020574,21,4
9020574,22,2
9020574,23,2
9020574,24,4
9020574,25,2
9020574,26,4
9020574,27,3
9020574,28,4
9020574,29,1
9020574,30,2
9020574,32,3
9020574,33,4
9020574,43,2
9020574,45,2
9020574,52,3
9020574,56,1
9020574,58,2
9020574,61,1
9020574,63,4
9020574,66,2
9020574,68,2
8020474,3,3
8020474,4,3
8020474,6,1
8020474,7,3
8020474,8,4
8020474,9,4
8020474,10,5
8020474,11,2
8020474,12,1
8020474,14,5
8020474,15,3
8020474,16,2
8020474,17,3
8020474,19,3
8020474,20,4
8020474,21,2
8020474,22,4
8020474,23,3
8020474,24,4
8020474,25,3
8020474,26,1
8020474,27,3
8020474,28,4
8020474,29,4
8020474,30,3
8020474,32,1
8020474,33,2
8020474,45,3
8020474,48,4
8020474,51,5
8020474,52,2
8020474,53,5
8020474,58,1
8020474,61,1
8020474,63,3
8020474,64,5
8020474,66,1
8020474,68,1
8020474,70,2
8020475,3,4
8020475,4,3
8020475,8,3
8020475,9,4
8020475,12,1
8020475,13,3
8020475,14,2
8020475,15,3
8020475,16,3
8020475,17,3
8020475,19,3
8020475,20,3
8020475,21,4
8020475,22,4
8020475,23,1
8020475,24,4
8020475,25,3
8020475,26,3
8020475,27,2
8020475,28,3
8020475,29,5
8020475,30,3
8020475,32,3
8020475,33,2
8020475,43,4
8020475,51,1
8020475,52,4
8020475,58,1
8020475,60,2
8020475,62,3
8020475,63,3
8020475,66,1
8020475,68,1
8020475,78,5
9020630,1,6.4
9020630,2,6.4
9020630,5,3.8
9020630,6,1.9
9020630,7,8.2
9020630,8,6.6
9020630,9,4.7
9020630,10,6.55
9020630,11,4.4
9020630,12,0.7
9020630,13,1.3
9020630,14,0
9020630,16,0.5
9020630,19,0
9020630,20,0
9020630,23,0
9020630,26,3.3
9020001,1,2
9020001,2,2
9020001,3,3
9020001,4,2
9020001,5,3
9020001,6,3
9020001,7,2
9020001,8,4
9020001,9,3
9020001,10,4
9020001,11,4
9020001,12,3
9020001,13,2
9020001,14,4
9020001,15,3
9020001,16,4
9020001,17,3
9020001,19,3
9020001,20,4
9020001,21,4
9020001,22,4
9020001,23,4
9020001,24,4
9020001,25,4
9020001,26,3
9020001,27,2
9020001,28,3
9020001,29,5
9020001,30,2
9020001,32,3
9020001,33,2
9020001,40,5
9020001,45,3
9020001,48,4
9020001,51,3
9020001,52,2
9020001,61,1
9020001,63,4
9020001,66,1
9020001,68,2
9020001,78,2
9020005,1,3
9020005,2,3
9020005,3,3
9020005,4,3
9020005,5,4
9020005,6,1
9020005,7,1
9020005,8,1
9020005,9,1
9020005,10,3
9020005,11,3
9020005,12,3
9020005,13,3
9020005,14,3
9020005,15,2
9020005,16,3
9020005,17,1
9020005,19,1
9020005,20,3
9020005,21,4
9020005,22,1
9020005,23,2
9020005,24,1
9020005,25,2
9020005,26,3
9020005,27,1
9020005,28,2
9020005,29,4
9020005,30,2
9020005,32,1
9020005,33,2
9020005,51,1
9020005,52,1
9020005,53,3
9020005,56,1
9020005,63,1
9020005,66,2
9020005,67,1
9020005,78,1
8020006,8,5
8020006,9,5
8020006,14,5
8020006,16,3
8020006,17,5
8020006,19,4
8020006,20,5
8020006,21,4
8020006,22,5
8020006,23,3
8020006,24,5
8020006,25,3
8020006,26,4
8020006,27,5
8020006,28,5
8020006,29,5
8020006,30,5
8020006,32,5
8020006,33,5
8020006,45,5
8020006,52,5
8020006,53,5
8020006,62,5
8020006,63,5
8020006,76,5
9020012,1,3
9020012,2,3
9020012,3,2
9020012,4,3
9020012,5,3
9020012,6,2
9020012,7,1
9020012,8,2
9020012,9,3
9020012,10,2
9020012,11,3
9020012,12,1
9020012,13,3
9020012,14,2
9020012,15,1
9020012,16,4
9020012,17,2
9020012,19,2
9020012,20,3
9020012,21,3
9020012,22,1
9020012,23,2
9020012,24,2
9020012,25,3
9020012,26,2
9020012,27,1
9020012,28,2
9020012,29,1
9020012,30,2
9020012,32,1
9020012,33,1
9020012,43,1
9020012,48,2
9020012,52,4
9020012,53,2
9020012,56,3
9020012,58,1
9020012,63,3
9020012,66,1
9020012,67,2
9020013,1,2
9020013,2,2
9020013,3,3
9020013,4,3
9020013,5,1
9020013,6,1
9020013,7,2
9020013,8,2
9020013,9,2
9020013,10,2
9020013,11,3
9020013,12,3
9020013,13,3
9020013,14,3
9020013,15,3
9020013,16,2
9020013,17,2
9020013,19,3
9020013,20,2
9020013,21,4
9020013,22,1
9020013,23,2
9020013,24,1
9020013,25,2
9020013,26,2
9020013,27,1
9020013,28,3
9020013,29,1
9020013,30,2
9020013,32,1
9020013,33,2
9020013,43,1
9020013,48,1
9020013,52,1
9020013,53,3
9020013,56,1
9020013,58,1
9020013,63,1
9020013,66,1
9020013,67,1
9020017,1,4
9020017,2,4
9020017,3,2
9020017,4,3
9020017,5,4
9020017,6,2
9020017,7,2
9020017,8,4
9020017,9,4
9020017,10,3
9020017,11,4
9020017,12,1
9020017,13,3
9020017,14,3
9020017,15,2
9020017,16,2
9020017,17,1
9020017,19,4
9020017,20,4
9020017,21,4
9020017,22,2
9020017,23,2
9020017,24,1
9020017,25,3
9020017,26,1
9020017,27,1
9020017,28,2
9020017,29,1
9020017,30,2
9020017,32,2
9020017,33,2
9020017,40,2
9020017,43,2
9020017,48,2
9020017,52,1
9020017,58,1
9020017,63,4
9020017,66,1
9020017,67,1
9020022,1,3
9020022,2,3
9020022,3,2
9020022,4,3
9020022,5,2
9020022,6,2
9020022,7,2
9020022,8,3
9020022,9,3
9020022,10,2
9020022,11,2
9020022,12,1
9020022,13,3
9020022,14,2
9020022,15,3
9020022,16,3
9020022,17,2
9020022,19,2
9020022,20,4
9020022,21,4
9020022,22,2
9020022,23,3
9020022,24,3
9020022,25,4
9020022,26,2
9020022,27,2
9020022,28,2
9020022,29,1
9020022,30,2
9020022,32,1
9020022,33,1
9020022,40,2
9020022,43,2
9020022,52,1
9020022,53,2
9020022,56,2
9020022,63,1
9020022,66,2
9020022,67,2
9020024,1,6.4
9020024,2,6.4
9020024,3,7.1
9020024,4,5.4
9020024,5,6.2
9020024,6,7
9020024,7,6.5
9020024,8,5.2
9020024,9,5.8
9020024,10,6.15
9020024,11,4.8
9020024,12,6.5
9020024,13,5.8
9020024,15,4.1
9020024,16,6.1
9020024,19,5.8
9020024,20,5.5
9020024,21,8.3
9020024,22,6.3
9020024,23,1.8
9020024,24,4.9
9020024,25,7.1
9020024,26,6.8
9020024,27,7
9020024,28,7.1
9020024,29,7.1
9020024,30,8.3
9020024,32,5.9
9020024,33,5.8
9020024,40,8.4
9020024,43,6.7
9020024,45,5.7
9020024,52,4.1
9020024,61,8.5
9020024,63,5.2
9020024,66,9
9020024,68,7
9020028,1,2
9020028,2,2
9020028,3,2
9020028,4,2
9020028,5,2
9020028,6,1
9020028,7,3
9020028,8,3
9020028,9,3
9020028,10,2
9020028,11,3
9020028,12,1
9020028,13,3
9020028,14,3
9020028,15,2
9020028,16,2
9020028,17,2
9020028,19,1
9020028,20,2
9020028,21,3
9020028,22,1
9020028,23,3
9020028,24,3
9020028,25,3
9020028,26,1
9020028,27,4
9020028,28,2
9020028,29,1
9020028,30,2
9020028,32,2
9020028,33,2
9020028,40,1
9020028,43,1
9020028,48,3
9020028,52,4
9020028,53,5
9020028,63,2
9020028,66,1
9020028,67,2
9020028,70,3
9020061,1,3
9020061,2,3
9020061,3,3
9020061,4,4
9020061,5,4
9020061,6,1
9020061,7,2
9020061,8,3
9020061,9,3
9020061,10,4
9020061,11,4
9020061,12,1
9020061,13,4
9020061,14,2
9020061,15,2
9020061,16,1
9020061,17,3
9020061,19,3
9020061,20,3
9020061,21,2
9020061,22,3
9020061,23,2
9020061,24,4
9020061,25,2
9020061,26,4
9020061,27,2
9020061,28,3
9020061,29,2
9020061,30,3
9020061,32,3
9020061,33,3
9020061,49,3
9020061,52,4
9020061,56,4
9020061,61,2
9020061,62,2
9020061,63,4
9020061,66,1
9020061,68,1
9020061,70,3
9020062,1,1
9020062,2,1
9020062,3,3
9020062,4,2
9020062,5,3
9020062,6,1
9020062,7,3
9020062,8,3
9020062,9,3
9020062,10,2
9020062,11,3
9020062,12,4
9020062,13,3
9020062,14,3
9020062,15,4
9020062,16,3
9020062,17,2
9020062,19,2
9020062,20,2
9020062,21,4
9020062,22,1
9020062,23,3
9020062,24,4
9020062,25,3
9020062,26,2
9020062,27,2
9020062,28,2
9020062,29,1
9020062,30,2
9020062,32,1
9020062,33,2
9020062,43,1
9020062,45,1
9020062,48,2
9020062,49,1
9020062,52,4
9020062,63,3
9020062,66,1
9020062,67,1
9020064,1,3
9020064,2,3
9020064,3,3
9020064,4,3
9020064,5,2
9020064,6,3
9020064,7,3
9020064,8,4
9020064,9,4
9020064,10,3
9020064,11,4
9020064,12,1
9020064,13,4
9020064,14,3
9020064,15,3
9020064,16,3
9020064,17,4
9020064,19,3
9020064,20,3
9020064,21,4
9020064,22,2
9020064,23,1
9020064,24,3
9020064,25,2
9020064,26,2
9020064,27,4
9020064,28,3
9020064,29,1
9020064,30,2
9020064,32,3
9020064,33,3
9020064,45,2
9020064,48,3
9020064,51,1
9020064,52,3
9020064,53,5
9020064,60,3
9020064,61,1
9020064,62,2
9020064,63,3
9020064,64,5
9020064,66,1
9020064,68,2
9020064,70,5
9020065,1,3
9020065,2,3
9020065,3,3
9020065,4,2
9020065,5,3
9020065,6,1
9020065,7,2
9020065,8,3
9020065,9,3
9020065,10,2
9020065,11,3
9020065,12,2
9020065,13,4
9020065,14,3
9020065,15,2
9020065,16,3
9020065,17,2
9020065,19,4
9020065,20,3
9020065,21,2
9020065,22,1
9020065,23,4
9020065,24,1
9020065,25,3
9020065,26,2
9020065,27,2
9020065,28,3
9020065,29,3
9020065,30,2
9020065,32,1
9020065,33,1
9020065,43,1
9020065,51,1
9020065,52,4
9020065,53,3
9020065,63,2
9020065,66,1
9020065,67,1
9020065,78,1
9020075,1,1
9020075,2,1
9020075,3,3
9020075,4,2
9020075,5,4
9020075,6,2
9020075,7,3
9020075,8,4
9020075,9,3
9020075,10,3
9020075,11,2
9020075,12,3
9020075,13,4
9020075,14,4
9020075,15,2
9020075,16,2
9020075,17,3
9020075,19,2
9020075,20,2
9020075,21,4
9020075,22,3
9020075,23,3
9020075,24,4
9020075,25,2
9020075,26,3
9020075,27,3
9020075,28,2
9020075,29,4
9020075,30,2
9020075,32,1
9020075,33,2
9020075,43,2
9020075,49,3
9020075,52,1
9020075,53,3
9020075,56,3
9020075,60,1
9020075,63,2
9020075,66,2
9020075,68,1
9020081,1,3
9020081,2,3
9020081,3,3
9020081,4,2
9020081,5,3
9020081,6,3
9020081,7,2
9020081,8,3
9020081,9,3
9020081,10,3
9020081,11,3
9020081,12,3
9020081,13,4
9020081,14,3
9020081,15,3
9020081,16,3
9020081,17,4
9020081,19,2
9020081,20,4
9020081,21,3
9020081,22,3
9020081,23,2
9020081,24,4
9020081,25,2
9020081,26,3
9020081,27,2
9020081,28,2
9020081,29,5
9020081,30,2
9020081,32,2
9020081,33,1
9020081,43,2
9020081,45,2
9020081,49,2
9020081,52,1
9020081,56,5
9020081,58,3
9020081,61,1
9020081,63,4
9020081,66,1
9020081,68,1
8020065,3,2
8020065,4,2
8020065,6,3
8020065,8,3
8020065,9,1
8020065,14,3
8020065,15,3
8020065,16,2
8020065,17,3
8020065,19,4
8020065,20,3
8020065,21,1
8020065,22,1
8020065,23,2
8020065,24,2
8020065,25,2
8020065,26,2
8020065,27,3
8020065,28,3
8020065,29,1
8020065,30,3
8020065,32,1
8020065,33,2
8020065,43,2
8020065,48,4
8020065,52,3
8020065,58,1
8020065,63,2
8020065,66,1
8020065,67,2
8020065,78,1
9020099,1,3
9020099,2,3
9020099,3,3
9020099,4,2
9020099,5,3
9020099,6,1
9020099,7,3
9020099,8,3
9020099,9,3
9020099,10,3
9020099,11,2
9020099,12,1
9020099,13,3
9020099,14,2
9020099,15,3
9020099,16,3
9020099,17,3
9020099,19,3
9020099,20,2
9020099,21,3
9020099,22,3
9020099,23,3
9020099,24,3
9020099,25,2
9020099,26,2
9020099,27,2
9020099,28,2
9020099,29,1
9020099,30,1
9020099,32,1
9020099,33,2
9020099,43,2
9020099,48,3
9020099,51,1
9020099,52,1
9020099,56,2
9020099,58,1
9020099,63,4
9020099,66,1
9020099,67,2
9020100,1,4.7
9020100,2,4.7
9020100,5,5.4
9020100,6,2.8
9020100,7,5.3
9020100,8,4.6
9020100,9,4.3
9020100,10,7.2
9020100,11,5.3
9020100,12,5.8
9020100,13,4.5
9020100,14,2.55
9020100,19,5
9020100,21,6
9020100,22,5.1
9020100,23,4.6
9020100,25,6.5
9020100,26,1.8
9020100,32,7.1
9020103,1,3
9020103,2,3
9020103,3,3
9020103,4,2
9020103,5,2
9020103,6,1
9020103,7,1
9020103,8,2
9020103,9,2
9020103,10,2
9020103,11,1
9020103,12,4
9020103,13,3
9020103,14,5
9020103,15,5
9020103,16,3
9020103,17,3
9020103,19,4
9020103,20,2
9020103,21,3
9020103,22,3
9020103,23,5
9020103,24,3
9020103,25,1
9020103,26,1
9020103,27,2
9020103,28,3
9020103,29,4
9020103,30,2
9020103,32,5
9020103,33,2
9020103,40,3
9020103,43,2
9020103,52,4
9020103,56,4
9020103,62,3
9020103,63,5
9020103,66,5
9020103,67,5
9020103,68,5
9020106,3,2
9020106,4,2
9020106,5,2
9020106,6,4
9020106,7,1
9020106,8,3
9020106,9,3
9020106,10,3
9020106,11,3
9020106,12,1
9020106,13,3
9020106,14,4
9020106,16,4
9020106,17,2
9020106,19,2
9020106,20,5
9020106,21,5
9020106,22,4
9020106,23,5
9020106,25,3
9020106,26,4
9020106,29,5
9020106,30,5
9020106,32,2
9020106,33,2
9020106,48,5
9020106,49,5
9020106,53,5
9020106,58,5
9020106,60,5
9020106,63,5
9020122,1,2
9020122,2,2
9020122,3,3
9020122,4,3
9020122,5,3
9020122,6,1
9020122,7,2
9020122,8,3
9020122,9,4
9020122,10,2
9020122,11,2
9020122,12,1
9020122,13,4
9020122,14,3
9020122,15,4
9020122,16,3
9020122,17,4
9020122,19,3
9020122,20,4
9020122,21,4
9020122,22,4
9020122,23,4
9020122,24,3
9020122,25,4
9020122,26,4
9020122,27,2
9020122,28,3
9020122,29,3
9020122,30,4
9020122,32,2
9020122,33,2
9020122,43,4
9020122,45,4
9020122,49,3
9020122,52,4
9020122,56,4
9020122,60,3
9020122,63,3
9020122,66,1
9020122,68,1
9020122,76,5
8020106,3,3
8020106,4,3
8020106,8,5
8020106,9,1
8020106,10,5
8020106,13,5
8020106,14,3
8020106,15,4
8020106,16,5
8020106,17,3
8020106,19,4
8020106,20,5
8020106,21,3
8020106,22,4
8020106,23,5
8020106,24,3
8020106,25,5
8020106,26,3
8020106,27,5
8020106,28,4
8020106,29,3
8020106,30,5
8020106,32,5
8020106,33,4
8020106,49,5
8020106,51,5
8020106,52,4
8020106,53,5
8020106,56,5
8020106,61,1
8020106,63,5
8020106,64,5
8020106,68,2
8020106,70,5
9020140,1,2
9020140,2,2
9020140,3,3
9020140,4,2
9020140,5,3
9020140,6,4
9020140,7,3
9020140,8,4
9020140,9,4
9020140,10,4
9020140,11,4
9020140,12,3
9020140,13,4
9020140,14,4
9020140,15,4
9020140,16,4
9020140,17,4
9020140,19,3
9020140,20,2
9020140,21,3
9020140,22,3
9020140,23,2
9020140,24,4
9020140,25,3
9020140,26,3
9020140,27,2
9020140,28,3
9020140,29,2
9020140,30,2
9020140,32,3
9020140,33,3
9020140,43,3
9020140,48,3
9020140,49,3
9020140,52,4
9020140,56,5
9020140,61,1
9020140,63,4
9020140,66,2
9020140,68,4
9020140,70,3
9020148,1,2
9020148,2,2
9020148,3,2
9020148,4,3
9020148,5,5
9020148,6,2
9020148,7,2
9020148,8,3
9020148,9,3
9020148,10,3
9020148,11,3
9020148,12,2
9020148,13,3
9020148,14,5
9020148,15,5
9020148,16,5
9020148,17,4
9020148,19,5
9020148,20,4
9020148,21,4
9020148,22,1
9020148,23,3
9020148,24,5
9020148,25,3
9020148,26,5
9020148,27,5
9020148,28,5
9020148,29,5
9020148,30,5
9020148,32,2
9020148,33,5
9020148,52,5
9020148,63,5
9020149,1,2
9020149,2,2
9020149,3,3
9020149,4,3
9020149,5,3
9020149,6,4
9020149,7,2
9020149,8,3
9020149,9,3
9020149,10,4
9020149,11,4
9020149,12,3
9020149,13,3
9020149,14,4
9020149,15,4
9020149,16,3
9020149,17,4
9020149,19,3
9020149,20,3
9020149,21,3
9020149,22,2
9020149,23,4
9020149,24,4
9020149,25,4
9020149,26,3
9020149,27,3
9020149,28,3
9020149,29,3
9020149,30,3
9020149,32,2
9020149,33,3
9020149,51,5
9020149,52,4
9020149,53,3
9020149,56,2
9020149,58,4
9020149,61,2
9020149,63,4
9020149,64,3
9020149,66,2
9020149,68,2
8020150,3,3
8020150,4,2
8020150,8,4
8020150,9,3
8020150,12,4
8020150,14,4
8020150,15,4
8020150,16,3
8020150,17,4
8020150,19,4
8020150,20,4
8020150,21,4
8020150,22,3
8020150,23,4
8020150,24,4
8020150,25,3
8020150,26,4
8020150,27,4
8020150,28,4
8020150,29,4
8020150,30,2
8020150,32,3
8020150,33,2
8020150,43,5
8020150,48,5
8020150,49,5
8020150,51,5
8020150,52,1
8020150,53,3
8020150,56,5
8020150,58,1
8020150,61,1
8020150,63,3
8020150,66,5
8020150,68,2
8020150,70,4
8020150,72,5
8020150,75,4
9020191,1,3
9020191,2,3
9020191,3,2
9020191,4,2
9020191,5,2
9020191,6,2
9020191,7,2
9020191,8,2
9020191,9,2
9020191,10,4
9020191,11,3
9020191,12,2
9020191,13,4
9020191,14,4
9020191,15,4
9020191,16,2
9020191,17,3
9020191,19,2
9020191,20,2
9020191,21,4
9020191,22,3
9020191,23,3
9020191,24,2
9020191,25,2
9020191,26,2
9020191,27,1
9020191,28,2
9020191,29,2
9020191,30,1
9020191,32,3
9020191,33,1
9020191,40,2
9020191,43,2
9020191,51,1
9020191,52,4
9020191,53,2
9020191,63,2
9020191,66,1
9020191,67,2
9020195,1,2
9020195,2,2
9020195,3,2
9020195,4,2
9020195,5,3
9020195,6,2
9020195,7,2
9020195,8,4
9020195,9,3
9020195,10,3
9020195,11,3
9020195,12,4
9020195,13,4
9020195,14,2
9020195,15,3
9020195,16,2
9020195,17,3
9020195,19,2
9020195,20,2
9020195,21,3
9020195,22,3
9020195,23,2
9020195,24,3
9020195,25,1
9020195,26,2
9020195,27,3
9020195,28,3
9020195,29,4
9020195,30,2
9020195,32,1
9020195,33,3
9020195,40,3
9020195,43,2
9020195,49,4
9020195,52,1
9020195,63,3
9020195,64,5
9020195,66,2
9020195,67,1
9020195,70,3
9020199,1,3
9020199,2,3
9020199,3,3
9020199,4,2
9020199,5,3
9020199,6,1
9020199,7,2
9020199,8,2
9020199,9,1
9020199,10,2
9020199,11,4
9020199,12,2
9020199,13,4
9020199,14,2
9020199,15,3
9020199,16,3
9020199,17,1
9020199,19,4
9020199,20,2
9020199,21,4
9020199,22,3
9020199,23,3
9020199,24,2
9020199,25,4
9020199,26,4
9020199,27,2
9020199,28,2
9020199,29,1
9020199,30,1
9020199,32,2
9020199,33,1
9020199,40,2
9020199,43,2
9020199,51,1
9020199,52,4
9020199,53,3
9020199,58,1
9020199,63,3
9020199,66,1
9020199,67,2
9020213,1,8.4
9020213,2,8.4
9020213,3,6.1
9020213,5,0
9020213,6,6.3
9020213,7,6.2
9020213,8,5
9020213,9,4.9
9020213,10,6.95
9020213,11,6
9020213,12,5.6
9020213,13,4.3
9020213,14,5.6
9020213,16,5.9
9020213,19,7.5
9020213,20,8.1
9020213,21,6.3
9020213,22,5.2
9020213,23,7.3
9020213,25,8.2
9020213,26,8
9020213,32,8.3
9020215,1,2
9020215,2,2
9020215,3,4
9020215,4,3
9020215,5,3
9020215,6,4
9020215,7,4
9020215,8,4
9020215,9,4
9020215,10,5
9020215,11,4
9020215,12,3
9020215,13,4
9020215,14,5
9020215,15,5
9020215,16,5
9020215,17,4
9020215,19,3
9020215,20,5
9020215,21,5
9020215,22,5
9020215,23,3
9020215,24,5
9020215,25,4
9020215,26,2
9020215,27,5
9020215,28,5
9020215,29,5
9020215,30,5
9020215,32,5
9020215,33,3
9020215,63,5
9020227,1,3
9020227,2,3
9020227,3,3
9020227,4,3
9020227,5,3
9020227,6,4
9020227,7,3
9020227,8,3
9020227,9,4
9020227,10,3
9020227,11,3
9020227,12,2
9020227,13,4
9020227,14,3
9020227,15,3
9020227,16,2
9020227,17,2
9020227,19,3
9020227,20,4
9020227,21,4
9020227,22,3
9020227,23,2
9020227,24,2
9020227,25,2
9020227,26,3
9020227,27,2
9020227,28,3
9020227,29,5
9020227,30,2
9020227,32,2
9020227,33,2
9020227,43,5
9020227,49,4
9020227,51,1
9020227,52,4
9020227,53,3
9020227,56,2
9020227,58,1
9020227,61,1
9020227,63,3
9020227,66,1
9020227,68,1
8020186,3,2
8020186,4,2
8020186,6,1
8020186,8,4
8020186,9,3
8020186,14,5
8020186,15,2
8020186,16,3
8020186,17,4
8020186,19,4
8020186,20,3
8020186,21,3
8020186,22,1
8020186,23,1
8020186,24,2
8020186,25,1
8020186,26,1
8020186,27,3
8020186,28,3
8020186,29,2
8020186,30,2
8020186,32,1
8020186,33,2
8020186,43,5
8020186,45,2
8020186,48,4
8020186,49,1
8020186,51,5
8020186,52,3
8020186,53,3
8020186,61,1
8020186,63,4
8020186,66,1
8020186,68,2
8020186,75,4
9020263,1,3
9020263,2,3
9020263,3,5
9020263,4,2
9020263,5,2
9020263,6,1
9020263,7,1
9020263,8,2
9020263,9,3
9020263,10,4
9020263,11,3
9020263,12,2
9020263,13,3
9020263,14,3
9020263,15,4
9020263,16,4
9020263,17,3
9020263,19,4
9020263,20,3
9020263,21,2
9020263,22,3
9020263,23,2
9020263,24,3
9020263,25,3
9020263,26,4
9020263,27,3
9020263,28,2
9020263,29,2
9020263,30,2
9020263,32,4
9020263,33,4
9020263,40,3
9020263,45,2
9020263,52,4
9020263,58,1
9020263,61,1
9020263,63,3
9020263,66,2
9020263,68,1
9020263,78,1
9020269,1,3
9020269,2,3
9020269,3,3
9020269,4,2
9020269,5,3
9020269,6,1
9020269,7,2
9020269,8,3
9020269,9,3
9020269,10,2
9020269,11,2
9020269,12,1
9020269,13,3
9020269,14,3
9020269,15,3
9020269,16,2
9020269,17,1
9020269,19,1
9020269,20,2
9020269,21,4
9020269,22,2
9020269,23,2
9020269,24,2
9020269,25,3
9020269,26,1
9020269,27,1
9020269,28,2
9020269,29,1
9020269,30,2
9020269,32,1
9020269,33,1
9020269,43,1
9020269,45,1
9020269,48,2
9020269,52,3
9020269,62,1
9020269,63,1
9020269,66,1
9020269,67,1
9020272,1,2
9020272,2,2
9020272,3,3
9020272,4,3
9020272,5,2
9020272,6,2
9020272,7,2
9020272,8,2
9020272,9,2
9020272,10,3
9020272,11,2
9020272,12,2
9020272,13,3
9020272,14,4
9020272,15,4
9020272,16,2
9020272,17,4
9020272,19,3
9020272,20,2
9020272,21,3
9020272,22,4
9020272,23,4
9020272,24,2
9020272,25,3
9020272,26,2
9020272,27,3
9020272,28,3
9020272,29,4
9020272,30,2
9020272,32,1
9020272,33,3
9020272,43,2
9020272,48,3
9020272,51,5
9020272,52,4
9020272,61,1
9020272,62,3
9020272,63,3
9020272,66,2
9020272,68,1
9020272,70,4
9020278,1,2
9020278,2,2
9020278,3,2
9020278,4,3
9020278,5,2
9020278,6,3
9020278,7,2
9020278,8,3
9020278,9,3
9020278,10,1
9020278,11,2
9020278,12,1
9020278,13,2
9020278,14,2
9020278,15,2
9020278,16,2
9020278,17,3
9020278,19,2
9020278,20,3
9020278,21,2
9020278,22,4
9020278,23,2
9020278,24,4
9020278,25,3
9020278,26,3
9020278,27,2
9020278,28,2
9020278,29,1
9020278,30,2
9020278,32,2
9020278,33,3
9020278,43,1
9020278,45,3
9020278,51,1
9020278,52,1
9020278,53,3
9020278,56,1
9020278,58,5
9020278,63,4
9020278,66,1
9020278,67,1
9020298,1,2
9020298,2,2
9020298,3,2
9020298,4,2
9020298,5,3
9020298,6,2
9020298,7,2
9020298,8,3
9020298,9,2
9020298,10,4
9020298,11,3
9020298,12,1
9020298,13,3
9020298,14,3
9020298,15,4
9020298,16,1
9020298,17,4
9020298,19,2
9020298,20,1
9020298,21,4
9020298,22,3
9020298,23,2
9020298,24,3
9020298,25,3
9020298,26,3
9020298,27,2
9020298,28,3
9020298,29,2
9020298,30,3
9020298,32,1
9020298,33,1
9020298,40,2
9020298,43,5
9020298,45,3
9020298,52,4
9020298,58,1
9020298,61,1
9020298,63,3
9020298,66,1
9020298,67,5
9020298,68,3
9020298,78,2
9020312,1,5
9020312,2,5
9020312,3,3
9020312,4,2
9020312,5,3
9020312,6,3
9020312,7,2
9020312,8,3
9020312,9,3
9020312,10,2
9020312,11,2
9020312,12,3
9020312,13,3
9020312,14,5
9020312,15,2
9020312,16,4
9020312,17,3
9020312,19,3
9020312,20,2
9020312,21,2
9020312,22,1
9020312,23,4
9020312,24,2
9020312,25,4
9020312,26,4
9020312,27,2
9020312,28,4
9020312,29,5
9020312,30,2
9020312,32,4
9020312,33,2
9020312,40,2
9020312,45,4
9020312,51,5
9020312,52,4
9020312,56,3
9020312,58,1
9020312,61,1
9020312,63,4
9020312,66,2
9020312,68,2
9020319,1,8.1
9020319,2,8.1
9020319,3,7.2
9020319,5,6.8
9020319,6,9.8
9020319,7,7.9
9020319,8,7.4
9020319,9,6
9020319,10,7.15
9020319,11,6.3
9020319,12,8.4
9020319,13,5.5
9020319,14,6.5
9020319,16,7.3
9020319,19,8.9
9020319,20,7
9020319,21,6.6
9020319,22,8.4
9020319,23,6.2
9020319,25,7.3
9020319,26,8.1
9020319,32,7.9
9020320,1,7.1
9020320,2,7.1
9020320,3,7.7
9020320,5,7.2
9020320,6,7.3
9020320,7,7.5
9020320,8,6.6
9020320,9,6.3
9020320,10,7
9020320,11,6.4
9020320,12,8.1
9020320,13,4.9
9020320,19,5.9
9020320,20,4.7
9020320,21,7
9020320,22,9.3
9020320,25,4.8
9020320,26,8.3
9020320,32,7.1
9020324,1,3
9020324,2,3
9020324,3,3
9020324,4,2
9020324,5,2
9020324,6,2
9020324,7,3
9020324,8,4
9020324,9,3
9020324,10,2
9020324,11,4
9020324,12,1
9020324,13,4
9020324,14,4
9020324,15,4
9020324,16,2
9020324,17,2
9020324,19,4
9020324,20,3
9020324,21,4
9020324,22,2
9020324,23,4
9020324,24,3
9020324,25,4
9020324,26,3
9020324,27,4
9020324,28,3
9020324,29,2
9020324,30,3
9020324,32,1
9020324,33,2
9020324,43,1
9020324,45,2
9020324,49,2
9020324,52,1
9020324,56,2
9020324,63,2
9020324,66,1
9020324,67,1
9020328,1,3
9020328,2,3
9020328,3,3
9020328,4,3
9020328,5,3
9020328,6,1
9020328,7,3
9020328,8,4
9020328,9,4
9020328,10,4
9020328,11,3
9020328,12,1
9020328,13,3
9020328,14,3
9020328,15,4
9020328,16,3
9020328,17,2
9020328,19,3
9020328,20,3
9020328,21,2
9020328,22,2
9020328,23,4
9020328,24,4
9020328,25,3
9020328,26,4
9020328,27,4
9020328,28,3
9020328,29,2
9020328,30,3
9020328,32,4
9020328,33,3
9020328,40,3
9020328,43,1
9020328,45,2
9020328,52,4
9020328,60,3
9020328,62,3
9020328,63,1
9020328,66,1
9020328,68,2
9020330,1,3
9020330,2,3
9020330,3,3
9020330,4,3
9020330,5,2
9020330,6,2
9020330,7,3
9020330,8,4
9020330,9,4
9020330,10,4
9020330,11,3
9020330,12,3
9020330,13,3
9020330,14,5
9020330,15,4
9020330,16,2
9020330,17,4
9020330,19,4
9020330,20,4
9020330,21,4
9020330,22,2
9020330,23,3
9020330,24,4
9020330,25,4
9020330,26,4
9020330,27,3
9020330,28,3
9020330,29,4
9020330,30,3
9020330,32,4
9020330,33,3
9020330,51,2
9020330,52,4
9020330,53,4
9020330,56,4
9020330,58,1
9020330,61,1
9020330,63,4
9020330,66,2
9020330,68,2
8020262,3,3
8020262,4,3
8020262,6,5
8020262,8,4
8020262,9,3
8020262,14,4
8020262,15,3
8020262,16,4
8020262,17,4
8020262,19,4
8020262,20,4
8020262,21,4
8020262,22,3
8020262,23,2
8020262,24,3
8020262,25,3
8020262,26,3
8020262,27,3
8020262,28,3
8020262,29,5
8020262,30,3
8020262,32,4
8020262,33,3
8020262,40,4
8020262,43,5
8020262,45,4
8020262,51,5
8020262,52,3
8020262,61,1
8020262,62,4
8020262,63,4
8020262,66,1
8020262,68,1
8020262,76,1
9020334,1,2
9020334,2,2
9020334,3,3
9020334,4,2
9020334,5,3
9020334,6,1
9020334,7,2
9020334,8,4
9020334,9,3
9020334,10,2
9020334,11,2
9020334,12,3
9020334,13,3
9020334,14,4
9020334,15,1
9020334,16,1
9020334,17,4
9020334,19,3
9020334,20,1
9020334,21,2
9020334,22,1
9020334,23,1
9020334,24,4
9020334,25,4
9020334,26,2
9020334,27,2
9020334,28,3
9020334,29,4
9020334,30,2
9020334,32,1
9020334,33,2
9020334,40,2
9020334,43,2
9020334,49,3
9020334,52,3
9020334,56,2
9020334,63,2
9020334,66,1
9020334,67,2
9020335,1,2
9020335,2,2
9020335,3,3
9020335,4,3
9020335,5,3
9020335,6,4
9020335,7,3
9020335,8,3
9020335,9,3
9020335,10,4
9020335,11,3
9020335,12,1
9020335,13,3
9020335,14,4
9020335,15,2
9020335,16,3
9020335,17,3
9020335,19,4
9020335,20,2
9020335,21,2
9020335,22,4
9020335,23,3
9020335,24,4
9020335,25,4
9020335,26,4
9020335,27,3
9020335,28,4
9020335,29,2
9020335,30,3
9020335,32,2
9020335,33,3
9020335,48,3
9020335,49,2
9020335,52,3
9020335,61,1
9020335,62,2
9020335,63,4
9020335,66,1
9020335,68,1
9020335,78,2
9020341,1,3
9020341,2,3
9020341,3,2
9020341,4,2
9020341,5,2
9020341,6,1
9020341,7,2
9020341,8,3
9020341,9,3
9020341,10,3
9020341,11,2
9020341,12,3
9020341,13,1
9020341,14,3
9020341,15,2
9020341,16,3
9020341,17,2
9020341,19,1
9020341,20,2
9020341,21,3
9020341,22,2
9020341,23,2
9020341,24,4
9020341,25,3
9020341,26,4
9020341,27,2
9020341,28,3
9020341,29,1
9020341,30,2
9020341,32,1
9020341,33,1
9020341,40,1
9020341,43,2
9020341,52,4
9020341,56,2
9020341,58,1
9020341,63,1
9020341,66,1
9020341,67,1
9020345,1,2
9020345,2,2
9020345,3,3
9020345,4,2
9020345,5,2
9020345,6,2
9020345,7,2
9020345,8,2
9020345,9,3
9020345,10,3
9020345,11,3
9020345,12,4
9020345,13,3
9020345,14,4
9020345,15,3
9020345,16,2
9020345,17,4
9020345,19,4
9020345,20,4
9020345,21,2
9020345,22,2
9020345,23,2
9020345,24,4
9020345,25,4
9020345,26,3
9020345,27,2
9020345,28,3
9020345,29,2
9020345,30,3
9020345,32,3
9020345,33,4
9020345,48,5
9020345,51,3
9020345,52,4
9020345,53,3
9020345,56,3
9020345,58,1
9020345,61,1
9020345,63,4
9020345,66,1
9020345,68,1
9020354,1,2
9020354,2,2
9020354,3,4
9020354,4,3
9020354,5,2
9020354,6,1
9020354,7,1
9020354,8,1
9020354,9,2
9020354,10,3
9020354,11,1
9020354,12,2
9020354,13,2
9020354,14,4
9020354,15,3
9020354,16,3
9020354,17,3
9020354,19,3
9020354,20,2
9020354,21,3
9020354,22,2
9020354,23,3
9020354,24,3
9020354,25,2
9020354,26,3
9020354,27,1
9020354,28,3
9020354,29,1
9020354,30,2
9020354,32,2
9020354,33,3
9020354,49,2
9020354,51,1
9020354,52,3
9020354,56,2
9020354,62,2
9020354,63,3
9020354,66,1
9020354,67,1
9020354,76,2
9020356,1,2
9020356,2,2
9020356,3,2
9020356,4,2
9020356,5,1
9020356,6,1
9020356,7,2
9020356,8,2
9020356,9,2
9020356,10,2
9020356,11,3
9020356,12,3
9020356,13,4
9020356,14,2
9020356,15,1
9020356,16,2
9020356,17,2
9020356,19,2
9020356,20,4
9020356,21,2
9020356,22,3
9020356,23,4
9020356,24,4
9020356,25,3
9020356,26,4
9020356,27,4
9020356,28,4
9020356,29,3
9020356,30,3
9020356,32,2
9020356,33,2
9020356,43,1
9020356,45,1
9020356,49,2
9020356,51,5
9020356,52,1
9020356,56,3
9020356,63,4
9020356,66,2
9020356,67,2
9020361,1,3
9020361,2,3
9020361,3,2
9020361,4,3
9020361,5,2
9020361,6,1
9020361,7,2
9020361,8,3
9020361,9,3
9020361,10,1
9020361,11,3
9020361,12,4
9020361,13,3
9020361,14,3
9020361,15,1
9020361,16,3
9020361,17,1
9020361,19,1
9020361,20,3
9020361,21,4
9020361,22,2
9020361,23,2
9020361,24,3
9020361,25,2
9020361,26,3
9020361,27,1
9020361,28,1
9020361,29,3
9020361,30,3
9020361,32,1
9020361,33,1
9020361,40,2
9020361,43,1
9020361,52,3
9020361,56,2
9020361,58,1
9020361,63,1
9020361,66,1
9020361,67,1
9020396,1,2
9020396,2,2
9020396,3,2
9020396,4,2
9020396,5,2
9020396,6,2
9020396,7,2
9020396,8,2
9020396,9,2
9020396,10,3
9020396,11,3
9020396,12,2
9020396,13,3
9020396,14,4
9020396,15,4
9020396,16,4
9020396,17,2
9020396,19,4
9020396,20,3
9020396,21,4
9020396,22,2
9020396,23,3
9020396,24,2
9020396,25,3
9020396,26,4
9020396,27,2
9020396,28,3
9020396,29,2
9020396,30,2
9020396,32,3
9020396,33,2
9020396,48,2
9020396,51,1
9020396,52,3
9020396,53,3
9020396,63,4
9020396,66,1
9020396,67,1
9020396,78,1
9020408,1,2
9020408,2,2
9020408,3,3
9020408,4,2
9020408,5,3
9020408,6,1
9020408,7,3
9020408,8,4
9020408,9,3
9020408,10,3
9020408,11,1
9020408,12,4
9020408,13,2
9020408,14,5
9020408,15,5
9020408,16,4
9020408,17,4
9020408,19,4
9020408,20,1
9020408,21,3
9020408,22,2
9020408,23,2
9020408,24,4
9020408,25,4
9020408,26,4
9020408,27,4
9020408,28,3
9020408,29,1
9020408,30,2
9020408,32,3
9020408,33,3
9020408,48,3
9020408,51,1
9020408,52,1
9020408,53,3
9020408,56,4
9020408,58,1
9020408,63,4
9020408,66,2
9020408,68,1
9020408,70,3
9020463,1,3
9020463,2,3
9020463,3,2
9020463,4,2
9020463,5,3
9020463,6,1
9020463,7,3
9020463,8,4
9020463,9,3
9020463,10,2
9020463,11,3
9020463,12,1
9020463,13,3
9020463,14,4
9020463,15,2
9020463,16,4
9020463,17,3
9020463,19,3
9020463,20,3
9020463,21,2
9020463,22,3
9020463,23,3
9020463,24,2
9020463,25,3
9020463,26,1
9020463,27,3
9020463,28,2
9020463,29,1
9020463,30,3
9020463,32,2
9020463,33,2
9020463,43,1
9020463,45,2
9020463,49,2
9020463,51,1
9020463,52,1
9020463,53,4
9020463,63,2
9020463,66,1
9020463,67,1
9020464,1,4
9020464,2,4
9020464,3,3
9020464,4,3
9020464,5,4
9020464,6,2
9020464,7,2
9020464,8,4
9020464,9,3
9020464,10,5
9020464,11,3
9020464,12,2
9020464,13,3
9020464,14,4
9020464,15,5
9020464,16,3
9020464,17,4
9020464,19,3
9020464,20,2
9020464,21,4
9020464,22,3
9020464,23,2
9020464,24,3
9020464,25,1
9020464,26,4
9020464,27,3
9020464,28,4
9020464,29,2
9020464,30,3
9020464,32,2
9020464,33,4
9020464,43,1
9020464,52,3
9020464,56,3
9020464,58,1
9020464,60,1
9020464,63,4
9020464,66,2
9020464,68,1
9020464,70,3
9020456,1,3
9020456,2,3
9020456,3,3
9020456,4,3
9020456,5,3
9020456,6,1
9020456,7,3
9020456,8,2
9020456,9,4
9020456,10,3
9020456,11,5
9020456,12,3
9020456,13,4
9020456,14,4
9020456,15,5
9020456,16,4
9020456,17,4
9020456,19,4
9020456,20,2
9020456,21,2
9020456,22,3
9020456,23,4
9020456,24,4
9020456,25,3
9020456,26,4
9020456,27,3
9020456,28,5
9020456,29,1
9020456,30,2
9020456,32,3
9020456,33,2
9020456,51,5
9020456,60,5
9020456,63,2
9020456,64,5
9020466,1,3
9020466,2,3
9020466,3,2
9020466,4,2
9020466,5,3
9020466,6,2
9020466,7,2
9020466,8,2
9020466,9,2
9020466,10,2
9020466,11,3
9020466,12,2
9020466,13,4
9020466,14,5
9020466,15,3
9020466,16,2
9020466,17,3
9020466,19,4
9020466,20,2
9020466,21,3
9020466,22,1
9020466,23,3
9020466,24,2
9020466,25,2
9020466,26,4
9020466,27,3
9020466,28,3
9020466,29,3
9020466,30,2
9020466,32,3
9020466,33,2
9020466,40,2
9020466,48,3
9020466,51,1
9020466,52,2
9020466,53,3
9020466,63,3
9020466,66,1
9020466,67,1
9020468,1,3
9020468,2,3
9020468,3,3
9020468,4,3
9020468,5,2
9020468,6,1
9020468,7,2
9020468,8,1
9020468,9,2
9020468,10,3
9020468,11,2
9020468,12,3
9020468,13,3
9020468,14,3
9020468,15,4
9020468,16,4
9020468,17,4
9020468,19,2
9020468,20,3
9020468,21,3
9020468,22,1
9020468,23,3
9020468,24,3
9020468,25,2
9020468,26,3
9020468,27,2
9020468,28,3
9020468,29,1
9020468,30,2
9020468,32,3
9020468,33,3
9020468,45,2
9020468,48,2
9020468,49,2
9020468,52,3
9020468,63,2
9020468,66,1
9020468,67,1
9020468,78,1
9020469,1,2
9020469,2,2
9020469,3,1
9020469,4,4
9020469,5,2
9020469,6,2
9020469,7,2
9020469,8,1
9020469,9,2
9020469,10,3
9020469,11,3
9020469,12,4
9020469,13,4
9020469,14,3
9020469,15,2
9020469,16,1
9020469,17,3
9020469,19,3
9020469,20,1
9020469,21,3
9020469,22,2
9020469,23,1
9020469,24,2
9020469,25,2
9020469,26,4
9020469,27,4
9020469,28,2
9020469,29,4
9020469,30,1
9020469,32,1
9020469,33,2
9020469,43,2
9020469,52,1
9020469,53,3
9020469,62,1
9020469,63,2
9020469,66,1
9020469,67,5
9020469,68,1
9020469,70,3
9020469,76,1
9020476,1,3
9020476,2,3
9020476,3,2
9020476,4,2
9020476,5,3
9020476,6,3
9020476,7,2
9020476,8,4
9020476,9,3
9020476,10,3
9020476,11,3
9020476,12,3
9020476,13,4
9020476,14,4
9020476,15,2
9020476,16,4
9020476,17,4
9020476,19,4
9020476,20,3
9020476,21,2
9020476,22,2
9020476,23,4
9020476,24,4
9020476,25,3
9020476,26,4
9020476,27,3
9020476,28,5
9020476,29,2
9020476,30,3
9020476,32,2
9020476,33,2
9020476,52,4
9020476,53,4
9020476,56,4
9020476,58,1
9020476,61,1
9020476,63,4
9020476,66,2
9020476,68,2
9020476,70,2
9020490,1,2
9020490,2,2
9020490,3,3
9020490,4,2
9020490,5,2
9020490,6,3
9020490,7,3
9020490,8,4
9020490,9,4
9020490,10,4
9020490,11,4
9020490,12,3
9020490,13,4
9020490,14,3
9020490,15,3
9020490,16,3
9020490,17,4
9020490,19,2
9020490,20,2
9020490,21,4
9020490,22,3
9020490,23,1
9020490,24,2
9020490,25,3
9020490,26,3
9020490,27,2
9020490,28,2
9020490,29,1
9020490,30,2
9020490,32,2
9020490,33,1
9020490,40,1
9020490,45,2
9020490,48,2
9020490,51,1
9020490,52,2
9020490,63,2
9020490,66,1
9020490,67,1
8020396,3,3
8020396,4,4
8020396,8,3
8020396,9,4
8020396,10,5
8020396,11,1
8020396,14,4
8020396,15,4
8020396,16,2
8020396,17,2
8020396,19,2
8020396,20,2
8020396,21,3
8020396,22,5
8020396,23,3
8020396,24,3
8020396,25,2
8020396,26,4
8020396,27,3
8020396,28,3
8020396,29,5
8020396,30,3
8020396,32,2
8020396,33,2
8020396,40,4
8020396,45,1
8020396,51,2
8020396,52,4
8020396,58,1
8020396,61,1
8020396,63,2
8020396,66,1
8020396,68,2
9020511,1,2
9020511,2,2
9020511,3,2
9020511,4,2
9020511,5,3
9020511,6,1
9020511,7,3
9020511,8,4
9020511,9,4
9020511,10,2
9020511,11,1
9020511,12,1
9020511,13,4
9020511,14,3
9020511,15,3
9020511,16,3
9020511,17,4
9020511,19,3
9020511,20,3
9020511,21,4
9020511,22,4
9020511,23,3
9020511,24,4
9020511,25,3
9020511,26,3
9020511,27,2
9020511,28,3
9020511,29,5
9020511,30,3
9020511,32,1
9020511,33,2
9020511,43,2
9020511,45,2
9020511,48,2
9020511,51,3
9020511,52,4
9020511,63,4
9020511,66,1
9020511,67,2
9020532,1,3
9020532,2,3
9020532,3,2
9020532,4,2
9020532,5,3
9020532,6,2
9020532,7,2
9020532,8,2
9020532,9,2
9020532,10,3
9020532,11,2
9020532,12,1
9020532,13,4
9020532,14,3
9020532,15,2
9020532,16,4
9020532,17,2
9020532,19,1
9020532,20,4
9020532,21,4
9020532,22,2
9020532,23,2
9020532,24,1
9020532,25,2
9020532,26,3
9020532,27,2
9020532,28,1
9020532,29,2
9020532,30,2
9020532,32,2
9020532,33,1
9020532,45,1
9020532,51,1
9020532,52,4
9020532,53,3
9020532,63,2
9020532,66,1
9020532,67,1
9020532,78,1
9020533,1,2
9020533,2,2
9020533,3,2
9020533,4,3
9020533,5,3
9020533,6,4
9020533,7,2
9020533,8,3
9020533,9,3
9020533,10,2
9020533,11,2
9020533,12,3
9020533,13,3
9020533,14,3
9020533,15,4
9020533,16,3
9020533,17,2
9020533,19,3
9020533,20,3
9020533,21,4
9020533,22,2
9020533,23,3
9020533,24,3
9020533,25,4
9020533,26,4
9020533,27,2
9020533,28,2
9020533,29,4
9020533,30,3
9020533,32,1
9020533,33,1
9020533,48,3
9020533,51,1
9020533,52,2
9020533,56,3
9020533,58,1
9020533,63,2
9020533,66,1
9020533,67,1
9020539,1,2
9020539,2,2
9020539,3,3
9020539,4,4
9020539,5,3
9020539,6,2
9020539,7,4
9020539,8,5
9020539,9,4
9020539,10,3
9020539,11,3
9020539,12,3
9020539,13,3
9020539,14,4
9020539,15,2
9020539,16,4
9020539,17,4
9020539,19,4
9020539,20,4
9020539,21,4
9020539,22,3
9020539,23,4
9020539,24,3
9020539,25,4
9020539,26,2
9020539,27,4
9020539,28,5
9020539,29,1
9020539,30,1
9020539,32,2
9020539,33,2
9020539,43,5
9020539,49,3
9020539,51,5
9020539,52,1
9020539,56,4
9020539,58,1
9020539,61,1
9020539,63,2
9020539,66,1
9020539,68,2
9020539,78,1
9020544,1,2
9020544,2,2
9020544,3,3
9020544,4,3
9020544,5,3
9020544,6,2
9020544,7,3
9020544,8,4
9020544,9,4
9020544,10,3
9020544,11,4
9020544,12,2
9020544,13,3
9020544,14,3
9020544,15,3
9020544,16,2
9020544,17,4
9020544,19,3
9020544,20,3
9020544,21,3
9020544,22,1
9020544,23,2
9020544,24,2
9020544,25,3
9020544,26,2
9020544,27,2
9020544,28,1
9020544,29,1
9020544,30,3
9020544,32,1
9020544,33,2
9020544,51,4
9020544,52,2
9020544,53,3
9020544,56,2
9020544,58,1
9020544,63,1
9020544,66,2
9020544,67,2
8020427,3,6.8
8020427,8,4
8020427,9,4.5
8020427,14,6.35
8020427,16,8
8020427,19,5.6
8020427,20,7.4
8020427,22,9.7
8020427,23,7.5
8020427,26,10
8020427,32,8.3
8020435,3,3
8020435,4,4
8020435,6,4
8020435,8,4
8020435,9,4
8020435,10,5
8020435,14,3
8020435,15,4
8020435,16,3
8020435,17,4
8020435,19,5
8020435,20,4
8020435,21,4
8020435,22,5
8020435,23,4
8020435,24,4
8020435,25,4
8020435,26,4
8020435,27,4
8020435,28,4
8020435,29,5
8020435,30,3
8020435,32,4
8020435,33,3
8020435,40,4
8020435,45,3
8020435,51,5
8020435,52,2
8020435,56,5
8020435,58,1
8020435,61,2
8020435,63,5
8020435,66,1
8020435,68,2
8020435,70,5
8020435,75,5
9020581,1,2
9020581,2,2
9020581,3,4
9020581,4,4
9020581,5,3
9020581,6,1
9020581,7,3
9020581,8,3
9020581,9,3
9020581,10,3
9020581,11,3
9020581,12,3
9020581,13,1
9020581,14,3
9020581,15,4
9020581,16,1
9020581,17,3
9020581,19,1
9020581,20,2
9020581,21,3
9020581,22,1
9020581,23,3
9020581,24,4
9020581,25,2
9020581,26,2
9020581,27,3
9020581,28,3
9020581,29,2
9020581,30,2
9020581,32,2
9020581,33,2
9020581,43,4
9020581,45,3
9020581,51,2
9020581,52,4
9020581,53,3
9020581,63,2
9020581,66,1
9020581,67,2
9020584,1,3
9020584,2,3
9020584,3,3
9020584,4,3
9020584,5,3
9020584,6,3
9020584,7,3
9020584,8,4
9020584,9,4
9020584,10,3
9020584,11,2
9020584,12,2
9020584,13,3
9020584,14,3
9020584,15,3
9020584,16,4
9020584,17,4
9020584,19,3
9020584,20,3
9020584,21,4
9020584,22,1
9020584,23,2
9020584,24,3
9020584,25,3
9020584,26,2
9020584,27,2
9020584,28,2
9020584,29,5
9020584,30,2
9020584,32,1
9020584,33,3
9020584,43,4
9020584,45,3
9020584,51,5
9020584,52,4
9020584,53,3
9020584,54,2
9020584,61,1
9020584,62,4
9020584,63,3
9020584,66,2
9020584,68,3
9020573,1,3
9020573,2,3
9020573,3,2
9020573,4,2
9020573,5,2
9020573,6,1
9020573,7,3
9020573,8,3
9020573,9,3
9020573,10,2
9020573,11,3
9020573,12,4
9020573,13,3
9020573,14,3
9020573,15,4
9020573,16,3
9020573,17,3
9020573,19,1
9020573,20,3
9020573,21,3
9020573,22,1
9020573,23,4
9020573,24,3
9020573,25,4
9020573,26,4
9020573,27,2
9020573,28,2
9020573,29,3
9020573,30,2
9020573,32,2
9020573,33,1
9020573,43,2
9020573,51,1
9020573,52,3
9020573,56,3
9020573,58,1
9020573,63,1
9020573,66,2
9020573,67,1
9020576,1,2
9020576,2,2
9020576,3,3
9020576,4,3
9020576,5,1
9020576,6,1
9020576,7,2
9020576,8,3
9020576,9,2
9020576,10,1
9020576,11,4
9020576,12,1
9020576,13,4
9020576,14,3
9020576,15,3
9020576,16,4
9020576,17,2
9020576,19,2
9020576,20,2
9020576,21,3
9020576,22,3
9020576,23,3
9020576,24,2
9020576,25,2
9020576,26,3
9020576,27,3
9020576,28,2
9020576,29,1
9020576,30,2
9020576,32,2
9020576,33,2
9020576,40,2
9020576,43,2
9020576,52,3
9020576,53,3
9020576,56,4
9020576,63,2
9020576,66,2
9020576,67,1
8020470,14,5.7
8020470,21,4.3
9020619,1,2
9020619,2,2
9020619,3,2
9020619,4,3
9020619,5,2
9020619,6,2
9020619,7,4
9020619,8,4
9020619,9,3
9020619,10,3
9020619,11,3
9020619,12,1
9020619,13,3
9020619,14,4
9020619,15,4
9020619,16,2
9020619,17,3
9020619,19,3
9020619,20,3
9020619,21,3
9020619,22,1
9020619,23,3
9020619,24,4
9020619,25,2
9020619,26,2
9020619,27,3
9020619,28,2
9020619,29,4
9020619,30,2
9020619,32,2
9020619,33,2
9020619,40,3
9020619,43,1
9020619,45,1
9020619,48,3
9020619,52,4
9020619,56,5
9020619,62,3
9020619,63,3
9020619,66,1
9020619,67,1
8020008,1,4
8020008,2,4
8020008,3,2
8020008,4,3
8020008,5,2
8020008,6,4
8020008,7,3
8020008,8,2
8020008,9,3
8020008,10,3
8020008,11,2
8020008,12,1
8020008,13,4
8020008,14,3
8020008,15,3
8020008,16,2
8020008,17,3
8020008,19,3
8020008,20,3
8020008,21,4
8020008,22,4
8020008,23,2
8020008,24,2
8020008,25,3
8020008,26,3
8020008,27,2
8020008,28,3
8020008,29,5
8020008,30,2
8020008,33,2
8020008,48,3
8020008,49,2
8020008,52,5
8020008,62,2
8020008,63,4
8020008,67,1
8020008,70,1
8020008,77,3
8020008,78,1
8020009,1,4
8020009,2,4
8020009,3,3
8020009,4,2
8020009,5,2
8020009,6,3
8020009,7,4
8020009,8,3
8020009,9,4
8020009,10,4
8020009,11,2
8020009,12,3
8020009,13,2
8020009,14,4
8020009,15,4
8020009,16,3
8020009,17,3
8020009,19,2
8020009,20,5
8020009,21,3
8020009,22,5
8020009,23,3
8020009,24,2
8020009,25,3
8020009,26,3
8020009,27,2
8020009,28,2
8020009,29,5
8020009,30,3
8020009,33,3
8020009,48,5
8020009,49,4
8020009,51,1
8020009,52,1
8020009,60,3
8020009,61,1
8020009,63,3
8020009,68,2
8020009,70,1
8020009,77,3
8020009,78,2
8020014,1,3
8020014,2,3
8020014,3,3
8020014,4,2
8020014,5,1
8020014,6,2
8020014,7,4
8020014,8,3
8020014,9,4
8020014,10,3
8020014,11,2
8020014,12,3
8020014,13,2
8020014,14,4
8020014,15,3
8020014,16,3
8020014,17,4
8020014,19,3
8020014,20,4
8020014,21,4
8020014,22,3
8020014,23,3
8020014,24,4
8020014,25,4
8020014,26,4
8020014,27,4
8020014,28,3
8020014,29,2
8020014,30,2
8020014,33,3
8020014,40,3
8020014,45,2
8020014,52,5
8020014,53,2
8020014,62,2
8020014,63,4
8020014,67,1
8020014,70,1
8020014,77,2
8020018,1,3
8020018,2,3
8020018,3,2
8020018,4,3
8020018,5,2
8020018,6,4
8020018,7,3
8020018,8,3
8020018,9,3
8020018,10,4
8020018,11,4
8020018,12,2
8020018,13,2
8020018,14,4
8020018,15,3
8020018,16,3
8020018,17,3
8020018,19,2
8020018,20,2
8020018,21,2
8020018,22,4
8020018,23,3
8020018,24,3
8020018,25,2
8020018,26,4
8020018,27,3
8020018,28,3
8020018,29,1
8020018,30,2
8020018,33,3
8020018,40,2
8020018,48,2
8020018,49,2
8020018,52,4
8020018,63,1
8020018,67,1
8020018,70,2
8020018,77,3
8020018,78,1
8020486,1,3
8020486,2,3
8020486,3,2
8020486,4,2
8020486,5,1
8020486,6,1
8020486,7,2
8020486,8,2
8020486,9,3
8020486,10,3
8020486,11,4
8020486,12,3
8020486,13,3
8020486,14,3
8020486,15,3
8020486,16,3
8020486,17,4
8020486,19,2
8020486,20,4
8020486,21,4
8020486,22,4
8020486,23,3
8020486,24,1
8020486,25,1
8020486,26,1
8020486,27,4
8020486,28,3
8020486,29,4
8020486,30,1
8020486,33,3
8020486,40,2
8020486,45,2
8020486,48,2
8020486,52,3
8020486,58,3
8020486,63,2
8020486,67,1
8020486,70,1
8020486,77,3
8020022,1,2
8020022,2,2
8020022,3,2
8020022,4,2
8020022,5,3
8020022,6,3
8020022,7,3
8020022,8,3
8020022,9,4
8020022,10,3
8020022,11,2
8020022,12,2
8020022,13,3
8020022,14,4
8020022,15,3
8020022,16,3
8020022,17,2
8020022,19,3
8020022,20,4
8020022,21,4
8020022,22,4
8020022,23,3
8020022,24,2
8020022,25,2
8020022,26,4
8020022,27,4
8020022,28,4
8020022,29,5
8020022,30,3
8020022,33,3
8020022,49,2
8020022,51,2
8020022,52,4
8020022,56,2
8020022,58,3
8020022,61,1
8020022,63,4
8020022,68,1
8020022,70,1
8020022,77,4
8020025,1,2
8020025,2,2
8020025,5,2
8020025,6,5
8020025,7,3
8020025,8,3
8020025,9,3
8020025,10,3
8020025,11,2
8020025,12,3
8020025,13,3
8020025,14,5
8020025,16,5
8020025,17,3
8020025,19,5
8020025,20,5
8020025,21,5
8020025,22,5
8020025,26,4
8020035,1,2
8020035,2,2
8020035,3,3
8020035,4,2
8020035,5,4
8020035,6,1
8020035,7,4
8020035,8,4
8020035,9,4
8020035,10,2
8020035,11,2
8020035,12,3
8020035,13,3
8020035,14,3
8020035,15,3
8020035,16,3
8020035,17,1
8020035,19,2
8020035,20,3
8020035,21,3
8020035,22,4
8020035,23,2
8020035,24,3
8020035,25,3
8020035,26,2
8020035,27,3
8020035,28,2
8020035,29,2
8020035,30,2
8020035,33,2
8020035,40,3
8020035,45,4
8020035,48,3
8020035,52,3
8020035,61,1
8020035,62,3
8020035,63,2
8020035,67,5
8020035,68,2
8020035,70,2
8020035,77,2
8020037,1,7.3
8020037,2,7.3
8020037,5,7.4
8020037,6,7.6
8020037,7,6.6
8020037,8,5.2
8020037,10,7
8020037,11,9.3
8020037,13,6.8
8020039,1,7.7
8020039,2,7.7
8020039,5,9.1
8020039,6,8
8020039,7,6.5
8020039,8,6.5
8020039,10,7.15
8020039,11,7.4
8020039,12,7
8020039,13,7
8020042,1,2
8020042,2,2
8020042,3,3
8020042,4,3
8020042,5,3
8020042,6,2
8020042,7,3
8020042,8,2
8020042,9,4
8020042,10,2
8020042,11,1
8020042,12,1
8020042,13,3
8020042,14,4
8020042,15,3
8020042,16,3
8020042,17,2
8020042,19,3
8020042,20,4
8020042,21,4
8020042,22,3
8020042,23,3
8020042,24,3
8020042,25,3
8020042,26,3
8020042,27,4
8020042,28,4
8020042,29,3
8020042,30,3
8020042,33,2
8020042,40,2
8020042,45,3
8020042,52,4
8020042,56,2
8020042,58,3
8020042,63,2
8020042,67,2
8020042,70,2
8020042,77,2
8020044,1,2
8020044,2,2
8020044,5,2
8020044,6,1
8020044,7,3
8020044,8,3
8020044,9,3
8020044,10,3
8020044,11,3
8020044,12,3
8020044,13,3
8020044,14,5
8020044,15,5
8020044,16,5
8020044,17,4
8020044,19,5
8020044,20,5
8020044,21,4
8020044,22,5
8020044,23,5
8020044,24,5
8020044,25,3
8020044,26,3
8020044,33,5
8020044,55,5
8020044,77,5
8020052,1,6.8
8020052,2,6.8
8020052,5,8.4
8020052,6,8.7
8020052,7,7.5
8020052,8,8.2
8020052,10,7
8020052,11,7.5
8020052,12,5.7
8020052,13,7.1
8020053,1,2
8020053,2,2
8020053,3,2
8020053,4,2
8020053,5,3
8020053,6,2
8020053,7,2
8020053,8,3
8020053,9,4
8020053,10,3
8020053,11,2
8020053,12,1
8020053,13,1
8020053,14,2
8020053,15,3
8020053,16,2
8020053,17,1
8020053,19,1
8020053,20,3
8020053,21,3
8020053,22,1
8020053,23,2
8020053,24,3
8020053,25,3
8020053,26,4
8020053,27,2
8020053,28,2
8020053,29,5
8020053,30,2
8020053,33,1
8020053,48,3
8020053,49,3
8020053,52,5
8020053,53,2
8020053,63,2
8020053,67,1
8020053,70,1
8020053,77,3
8020053,78,2
8020061,1,3
8020061,2,3
8020061,3,3
8020061,4,3
8020061,5,2
8020061,6,2
8020061,7,3
8020061,8,3
8020061,9,4
8020061,10,2
8020061,11,1
8020061,12,3
8020061,13,2
8020061,14,4
8020061,15,2
8020061,16,3
8020061,17,2
8020061,19,2
8020061,20,4
8020061,21,2
8020061,22,3
8020061,23,2
8020061,24,3
8020061,25,3
8020061,26,2
8020061,27,3
8020061,28,2
8020061,29,3
8020061,30,2
8020061,33,2
8020061,49,1
8020061,52,5
8020061,53,2
8020061,56,2
8020061,58,2
8020061,63,3
8020061,67,2
8020061,70,2
8020061,77,3
8020063,1,2
8020063,2,2
8020063,3,2
8020063,4,3
8020063,5,2
8020063,6,2
8020063,7,3
8020063,8,3
8020063,9,4
8020063,10,2
8020063,11,1
8020063,12,3
8020063,13,2
8020063,14,4
8020063,15,3
8020063,16,3
8020063,17,1
8020063,19,2
8020063,20,2
8020063,21,3
8020063,22,2
8020063,23,2
8020063,24,3
8020063,25,3
8020063,26,3
8020063,27,2
8020063,28,3
8020063,29,2
8020063,30,2
8020063,33,1
8020063,40,3
8020063,45,3
8020063,52,5
8020063,53,2
8020063,62,2
8020063,63,3
8020063,67,1
8020063,70,1
8020063,77,2
8020071,1,2
8020071,2,2
8020071,3,2
8020071,4,3
8020071,5,2
8020071,6,3
8020071,7,2
8020071,8,4
8020071,9,3
8020071,10,3
8020071,11,1
8020071,12,3
8020071,13,3
8020071,14,4
8020071,15,4
8020071,16,2
8020071,17,1
8020071,19,2
8020071,20,4
8020071,21,4
8020071,22,3
8020071,23,3
8020071,24,2
8020071,25,3
8020071,26,1
8020071,27,2
8020071,28,2
8020071,29,5
8020071,30,2
8020071,33,2
8020071,45,3
8020071,48,2
8020071,52,5
8020071,62,2
8020071,63,1
8020071,67,1
8020071,70,1
8020071,77,3
8020071,78,1
8020078,1,3
8020078,2,3
8020078,3,2
8020078,4,3
8020078,5,3
8020078,6,4
8020078,7,4
8020078,8,3
8020078,9,4
8020078,10,3
8020078,11,4
8020078,12,2
8020078,13,4
8020078,14,2
8020078,15,3
8020078,16,4
8020078,17,3
8020078,19,2
8020078,20,3
8020078,21,4
8020078,22,4
8020078,23,3
8020078,24,4
8020078,25,4
8020078,26,3
8020078,27,4
8020078,28,3
8020078,29,4
8020078,30,3
8020078,33,4
8020078,45,3
8020078,48,3
8020078,51,3
8020078,52,5
8020078,53,5
8020078,61,2
8020078,63,3
8020078,68,2
8020078,70,1
8020078,77,4
8020078,78,2
8020080,1,2
8020080,2,2
8020080,3,3
8020080,4,4
8020080,5,1
8020080,6,1
8020080,7,3
8020080,8,3
8020080,9,3
8020080,10,3
8020080,11,1
8020080,12,1
8020080,13,1
8020080,14,3
8020080,15,2
8020080,16,1
8020080,17,2
8020080,19,3
8020080,20,2
8020080,21,4
8020080,22,4
8020080,23,3
8020080,24,3
8020080,25,3
8020080,26,2
8020080,27,2
8020080,28,2
8020080,29,5
8020080,30,2
8020080,33,2
8020080,49,2
8020080,52,5
8020080,53,3
8020080,56,2
8020080,58,3
8020080,63,3
8020080,67,1
8020080,70,2
8020080,77,3
7020072,1,4
7020072,2,4
7020072,3,3
7020072,4,4
7020072,7,2
7020072,8,5
7020072,9,5
7020072,10,4
7020072,11,2
7020072,14,3
7020072,15,3
7020072,16,4
7020072,17,3
7020072,19,3
7020072,20,3
7020072,21,2
7020072,22,3
7020072,23,4
7020072,24,2
7020072,25,3
7020072,26,3
7020072,27,4
7020072,28,5
7020072,29,4
7020072,30,4
7020072,33,3
7020072,43,5
7020072,51,5
7020072,52,3
7020072,56,5
7020072,60,5
7020072,61,2
7020072,62,2
7020072,63,4
7020072,68,3
7020072,70,4
7020072,77,4
7020072,78,2
8020088,1,2
8020088,2,2
8020088,3,3
8020088,4,3
8020088,5,2
8020088,6,1
8020088,7,3
8020088,8,4
8020088,9,4
8020088,10,4
8020088,11,3
8020088,12,4
8020088,13,2
8020088,14,2
8020088,15,3
8020088,16,4
8020088,17,2
8020088,19,1
8020088,20,2
8020088,21,3
8020088,22,5
8020088,23,2
8020088,24,3
8020088,25,4
8020088,26,4
8020088,27,2
8020088,28,3
8020088,29,5
8020088,30,2
8020088,33,3
8020088,40,2
8020088,48,4
8020088,52,3
8020088,58,1
8020088,62,3
8020088,63,3
8020088,67,1
8020088,70,1
8020088,77,4
8020088,78,2
8020089,1,2
8020089,2,2
8020089,3,3
8020089,4,2
8020089,5,2
8020089,6,2
8020089,7,3
8020089,8,2
8020089,9,3
8020089,10,3
8020089,11,1
8020089,12,2
8020089,13,3
8020089,14,4
8020089,15,1
8020089,16,2
8020089,17,3
8020089,19,3
8020089,20,3
8020089,21,3
8020089,22,3
8020089,23,3
8020089,24,2
8020089,25,2
8020089,26,2
8020089,27,2
8020089,28,2
8020089,29,1
8020089,30,2
8020089,33,2
8020089,48,1
8020089,49,3
8020089,52,4
8020089,63,2
8020089,67,1
8020089,70,1
8020089,77,2
8020089,78,1
8020072,1,2
8020072,2,2
8020072,3,3
8020072,4,2
8020072,5,2
8020072,6,4
8020072,7,2
8020072,8,3
8020072,9,4
8020072,10,4
8020072,11,1
8020072,12,3
8020072,13,3
8020072,14,4
8020072,15,3
8020072,16,2
8020072,17,3
8020072,19,1
8020072,20,3
8020072,21,4
8020072,22,2
8020072,23,3
8020072,24,3
8020072,25,3
8020072,26,4
8020072,27,3
8020072,28,3
8020072,29,2
8020072,30,3
8020072,33,3
8020072,40,4
8020072,45,4
8020072,52,4
8020072,53,3
8020072,61,1
8020072,62,4
8020072,63,3
8020072,65,5
8020072,67,2
8020072,70,1
8020072,77,3
8020094,1,3
8020094,2,3
8020094,3,2
8020094,4,2
8020094,5,3
8020094,6,3
8020094,7,3
8020094,8,3
8020094,9,4
8020094,10,4
8020094,11,3
8020094,12,3
8020094,13,3
8020094,14,4
8020094,15,2
8020094,16,4
8020094,17,2
8020094,19,3
8020094,20,3
8020094,21,3
8020094,22,3
8020094,23,3
8020094,24,3
8020094,25,4
8020094,26,3
8020094,27,4
8020094,28,2
8020094,29,5
8020094,30,2
8020094,33,3
8020094,40,2
8020094,45,3
8020094,48,3
8020094,52,5
8020094,62,3
8020094,63,3
8020094,67,2
8020094,70,2
8020094,77,3
8020105,1,2
8020105,2,2
8020105,3,2
8020105,4,1
8020105,5,2
8020105,6,5
8020105,7,4
8020105,8,4
8020105,9,3
8020105,10,3
8020105,11,1
8020105,12,3
8020105,13,2
8020105,14,5
8020105,15,4
8020105,16,4
8020105,17,4
8020105,19,3
8020105,20,4
8020105,21,3
8020105,22,4
8020105,23,4
8020105,24,4
8020105,25,3
8020105,26,2
8020105,27,4
8020105,28,5
8020105,29,5
8020105,30,3
8020105,33,4
8020105,40,3
8020105,43,3
8020105,45,4
8020105,49,5
8020105,52,4
8020105,61,1
8020105,62,3
8020105,63,4
8020105,68,3
8020105,70,4
8020105,77,4
8020111,1,1
8020111,2,1
8020111,3,2
8020111,4,2
8020111,5,2
8020111,6,2
8020111,7,3
8020111,8,3
8020111,9,3
8020111,10,2
8020111,11,2
8020111,12,1
8020111,13,2
8020111,14,4
8020111,15,3
8020111,16,2
8020111,17,2
8020111,19,3
8020111,20,2
8020111,21,2
8020111,22,3
8020111,23,3
8020111,24,3
8020111,25,3
8020111,26,3
8020111,27,3
8020111,28,3
8020111,29,2
8020111,30,2
8020111,33,2
8020111,48,2
8020111,49,4
8020111,52,4
8020111,53,3
8020111,63,2
8020111,67,1
8020111,70,2
8020111,77,3
8020111,78,1
8020119,1,3
8020119,2,3
8020119,3,2
8020119,4,2
8020119,5,1
8020119,6,4
8020119,7,3
8020119,8,2
8020119,9,3
8020119,10,1
8020119,11,1
8020119,12,1
8020119,13,2
8020119,14,3
8020119,15,2
8020119,16,2
8020119,17,1
8020119,19,1
8020119,20,1
8020119,21,3
8020119,22,2
8020119,23,1
8020119,24,1
8020119,25,1
8020119,26,2
8020119,27,1
8020119,28,2
8020119,29,4
8020119,30,1
8020119,33,1
8020119,40,1
8020119,45,2
8020119,49,1
8020119,52,4
8020119,53,2
8020119,62,2
8020119,63,2
8020119,67,1
8020119,70,1
8020119,77,1
8020119,78,1
8020143,1,3
8020143,2,3
8020143,3,2
8020143,4,3
8020143,5,2
8020143,6,2
8020143,7,4
8020143,8,3
8020143,9,4
8020143,10,3
8020143,11,2
8020143,12,3
8020143,13,3
8020143,14,5
8020143,15,4
8020143,16,3
8020143,17,2
8020143,19,3
8020143,20,3
8020143,21,3
8020143,22,3
8020143,23,2
8020143,24,4
8020143,25,4
8020143,26,4
8020143,27,4
8020143,28,2
8020143,29,4
8020143,30,2
8020143,33,2
8020143,49,3
8020143,52,4
8020143,53,3
8020143,56,3
8020143,58,3
8020143,61,1
8020143,63,3
8020143,67,5
8020143,68,2
8020143,70,1
8020143,77,3
8020134,1,3
8020134,2,3
8020134,3,2
8020134,4,2
8020134,5,3
8020134,6,3
8020134,7,2
8020134,8,3
8020134,9,3
8020134,10,2
8020134,11,2
8020134,12,2
8020134,13,2
8020134,14,3
8020134,15,1
8020134,16,3
8020134,17,3
8020134,19,2
8020134,20,3
8020134,21,4
8020134,22,2
8020134,23,3
8020134,24,4
8020134,25,3
8020134,26,3
8020134,27,2
8020134,28,2
8020134,29,2
8020134,30,2
8020134,33,1
8020134,40,2
8020134,48,1
8020134,52,3
8020134,62,2
8020134,63,1
8020134,67,1
8020134,70,2
8020134,77,2
8020134,78,2
8020135,1,4.8
8020135,2,4.8
8020135,5,7.6
8020135,6,6.3
8020135,7,5.5
8020135,8,6.9
8020135,10,6.6
8020135,11,7.3
8020135,12,7.9
8020135,13,5.2
8020138,1,4
8020138,2,4
8020138,3,2
8020138,4,3
8020138,5,3
8020138,6,1
8020138,7,4
8020138,8,3
8020138,9,4
8020138,10,4
8020138,11,2
8020138,12,3
8020138,13,2
8020138,14,3
8020138,15,4
8020138,16,3
8020138,17,3
8020138,19,3
8020138,20,2
8020138,21,4
8020138,22,3
8020138,23,3
8020138,24,1
8020138,25,3
8020138,26,1
8020138,27,3
8020138,28,2
8020138,29,2
8020138,30,2
8020138,33,2
8020138,40,2
8020138,48,4
8020138,49,3
8020138,52,2
8020138,63,1
8020138,67,1
8020138,70,1
8020138,77,3
8020138,78,2
8020141,1,3
8020141,2,3
8020141,3,3
8020141,4,2
8020141,5,2
8020141,6,2
8020141,7,3
8020141,8,3
8020141,9,4
8020141,10,4
8020141,11,2
8020141,12,5
8020141,13,3
8020141,14,3
8020141,15,2
8020141,16,2
8020141,17,3
8020141,19,3
8020141,20,4
8020141,21,2
8020141,22,2
8020141,23,4
8020141,24,3
8020141,25,3
8020141,26,4
8020141,27,3
8020141,28,4
8020141,29,5
8020141,30,2
8020141,33,2
8020141,49,3
8020141,51,5
8020141,52,3
8020141,53,4
8020141,56,2
8020141,58,3
8020141,60,5
8020141,61,2
8020141,63,3
8020141,68,3
8020141,70,1
8020141,77,3
8020148,1,3
8020148,2,3
8020148,5,2
8020148,6,2
8020148,7,4
8020148,8,4
8020148,9,4
8020148,10,3
8020148,11,2
8020148,12,2
8020148,13,3
8020148,14,5
8020148,16,4
8020148,17,2
8020148,19,4
8020148,20,5
8020148,21,4
8020148,22,5
8020148,26,4
8020153,1,3
8020153,2,3
8020153,3,3
8020153,4,2
8020153,5,1
8020153,6,4
8020153,7,4
8020153,8,3
8020153,9,4
8020153,10,3
8020153,11,2
8020153,12,2
8020153,13,2
8020153,14,3
8020153,15,3
8020153,16,3
8020153,17,2
8020153,19,1
8020153,20,4
8020153,21,3
8020153,22,4
8020153,23,4
8020153,24,3
8020153,25,3
8020153,26,3
8020153,27,4
8020153,28,2
8020153,29,4
8020153,30,2
8020153,33,3
8020153,48,3
8020153,49,3
8020153,51,1
8020153,52,3
8020153,63,3
8020153,67,1
8020153,70,1
8020153,77,2
8020153,78,2
8020155,1,4
8020155,2,4
8020155,3,3
8020155,4,3
8020155,5,3
8020155,6,4
8020155,7,3
8020155,8,3
8020155,9,4
8020155,10,3
8020155,11,3
8020155,12,2
8020155,13,3
8020155,14,3
8020155,15,3
8020155,16,3
8020155,17,3
8020155,19,4
8020155,20,3
8020155,21,3
8020155,22,2
8020155,23,4
8020155,24,3
8020155,25,3
8020155,26,4
8020155,27,4
8020155,28,4
8020155,29,2
8020155,30,3
8020155,33,3
8020155,40,4
8020155,43,3
8020155,52,4
8020155,53,4
8020155,56,4
8020155,58,2
8020155,60,4
8020155,63,3
8020155,68,4
8020155,70,5
8020155,77,4
8020154,1,3
8020154,2,3
8020154,3,2
8020154,4,3
8020154,5,1
8020154,6,1
8020154,7,2
8020154,8,3
8020154,9,4
8020154,10,4
8020154,11,2
8020154,12,2
8020154,13,4
8020154,14,4
8020154,15,4
8020154,16,3
8020154,17,3
8020154,19,1
8020154,20,1
8020154,21,4
8020154,22,3
8020154,23,2
8020154,24,3
8020154,25,2
8020154,26,3
8020154,27,3
8020154,28,2
8020154,29,4
8020154,30,2
8020154,33,3
8020154,40,1
8020154,45,3
8020154,52,4
8020154,56,1
8020154,58,2
8020154,63,3
8020154,67,2
8020154,70,3
8020154,77,4
8020158,1,3
8020158,2,3
8020158,3,2
8020158,4,3
8020158,5,2
8020158,6,5
8020158,7,3
8020158,8,4
8020158,9,4
8020158,10,3
8020158,11,3
8020158,12,1
8020158,13,4
8020158,14,3
8020158,15,3
8020158,16,2
8020158,17,3
8020158,19,3
8020158,20,2
8020158,21,3
8020158,22,3
8020158,23,2
8020158,24,4
8020158,25,3
8020158,26,4
8020158,27,3
8020158,28,4
8020158,29,4
8020158,30,3
8020158,33,1
8020158,40,3
8020158,45,4
8020158,49,4
8020158,52,2
8020158,60,2
8020158,63,4
8020158,68,1
8020158,70,1
8020158,77,1
8020158,78,3
8020166,1,3
8020166,2,3
8020166,3,2
8020166,4,1
8020166,5,1
8020166,6,3
8020166,7,3
8020166,8,2
8020166,9,3
8020166,10,2
8020166,11,2
8020166,12,1
8020166,13,3
8020166,14,3
8020166,15,3
8020166,16,1
8020166,17,2
8020166,19,2
8020166,20,1
8020166,21,2
8020166,22,1
8020166,23,2
8020166,24,2
8020166,25,1
8020166,26,1
8020166,27,1
8020166,28,2
8020166,29,3
8020166,30,2
8020166,33,2
8020166,45,2
8020166,48,1
8020166,49,2
8020166,52,3
8020166,53,2
8020166,62,3
8020166,63,2
8020166,67,1
8020166,70,1
8020166,77,1
8020172,1,3
8020172,2,3
8020172,3,3
8020172,4,3
8020172,5,3
8020172,6,3
8020172,7,4
8020172,8,3
8020172,9,4
8020172,10,3
8020172,11,3
8020172,12,2
8020172,13,4
8020172,14,3
8020172,15,2
8020172,16,3
8020172,17,2
8020172,19,3
8020172,20,4
8020172,21,5
8020172,22,2
8020172,23,4
8020172,24,4
8020172,25,3
8020172,26,4
8020172,27,4
8020172,28,3
8020172,29,5
8020172,30,5
8020172,33,3
8020172,51,1
8020172,52,4
8020172,58,4
8020172,61,1
8020172,62,3
8020172,63,4
8020172,68,3
8020172,70,1
8020172,77,3
8020172,78,2
8020181,1,3
8020181,2,3
8020181,3,2
8020181,4,2
8020181,5,2
8020181,6,2
8020181,7,3
8020181,8,3
8020181,9,4
8020181,10,3
8020181,11,2
8020181,12,4
8020181,13,4
8020181,14,3
8020181,15,4
8020181,16,4
8020181,17,4
8020181,19,4
8020181,20,3
8020181,21,3
8020181,22,4
8020181,23,3
8020181,24,4
8020181,25,4
8020181,26,2
8020181,27,2
8020181,28,3
8020181,29,4
8020181,30,3
8020181,33,3
8020181,40,3
8020181,45,5
8020181,52,4
8020181,58,2
8020181,60,3
8020181,61,1
8020181,62,2
8020181,63,3
8020181,68,2
8020181,70,1
8020181,77,4
8020176,1,3
8020176,2,3
8020176,3,2
8020176,4,3
8020176,5,4
8020176,6,3
8020176,7,4
8020176,8,3
8020176,9,2
8020176,10,2
8020176,11,3
8020176,12,3
8020176,13,4
8020176,14,3
8020176,15,4
8020176,16,3
8020176,17,3
8020176,19,3
8020176,20,4
8020176,21,4
8020176,22,4
8020176,23,3
8020176,24,3
8020176,25,4
8020176,26,3
8020176,27,3
8020176,28,4
8020176,29,5
8020176,30,3
8020176,33,3
8020176,49,3
8020176,51,3
8020176,52,4
8020176,53,2
8020176,61,1
8020176,63,4
8020176,68,1
8020176,70,1
8020176,77,2
8020176,78,2
8020180,1,2
8020180,2,2
8020180,3,2
8020180,4,1
8020180,5,1
8020180,6,4
8020180,7,4
8020180,8,3
8020180,9,4
8020180,10,3
8020180,11,2
8020180,12,3
8020180,13,1
8020180,14,3
8020180,15,4
8020180,16,4
8020180,17,2
8020180,19,2
8020180,20,5
8020180,21,3
8020180,22,3
8020180,23,3
8020180,24,4
8020180,25,3
8020180,26,2
8020180,27,4
8020180,28,2
8020180,29,4
8020180,30,2
8020180,33,2
8020180,40,2
8020180,45,3
8020180,48,3
8020180,49,3
8020180,52,5
8020180,63,2
8020180,67,1
8020180,70,1
8020180,77,2
8020190,1,3
8020190,2,3
8020190,3,2
8020190,4,3
8020190,5,2
8020190,6,3
8020190,7,2
8020190,8,2
8020190,9,3
8020190,10,3
8020190,11,2
8020190,12,3
8020190,13,3
8020190,14,3
8020190,15,2
8020190,16,2
8020190,17,4
8020190,19,3
8020190,20,4
8020190,21,4
8020190,22,3
8020190,23,2
8020190,24,3
8020190,25,1
8020190,26,1
8020190,27,4
8020190,28,1
8020190,29,3
8020190,30,3
8020190,33,2
8020190,40,4
8020190,45,4
8020190,51,1
8020190,52,3
8020190,62,4
8020190,63,4
8020190,67,2
8020190,70,1
8020190,77,4
8020194,1,3
8020194,2,3
8020194,3,2
8020194,4,2
8020194,5,1
8020194,6,1
8020194,7,3
8020194,8,3
8020194,9,4
8020194,10,1
8020194,11,2
8020194,12,1
8020194,13,3
8020194,14,4
8020194,15,1
8020194,16,2
8020194,17,2
8020194,19,1
8020194,20,3
8020194,21,3
8020194,22,2
8020194,23,3
8020194,24,1
8020194,25,2
8020194,26,1
8020194,27,3
8020194,28,2
8020194,29,3
8020194,30,2
8020194,33,2
8020194,40,2
8020194,45,2
8020194,48,1
8020194,49,2
8020194,52,4
8020194,63,1
8020194,67,1
8020194,70,1
8020194,77,2
8020196,1,7.1
8020196,2,7.1
8020196,5,6.5
8020196,6,5.8
8020196,7,6.9
8020196,8,7
8020196,10,6.55
8020196,11,6.4
8020196,12,5.3
8020196,13,6.5
8020201,1,3
8020201,2,3
8020201,3,3
8020201,4,3
8020201,5,2
8020201,6,1
8020201,7,3
8020201,8,3
8020201,9,2
8020201,10,4
8020201,11,3
8020201,12,4
8020201,13,4
8020201,14,4
8020201,15,4
8020201,16,3
8020201,17,3
8020201,19,2
8020201,20,3
8020201,21,4
8020201,22,3
8020201,23,4
8020201,24,4
8020201,25,3
8020201,26,5
8020201,27,3
8020201,28,3
8020201,29,5
8020201,30,2
8020201,33,2
8020201,49,4
8020201,52,3
8020201,56,2
8020201,60,5
8020201,61,1
8020201,63,4
8020201,68,2
8020201,70,1
8020201,77,4
8020201,78,2
8020205,1,3
8020205,2,3
8020205,3,4
8020205,4,2
8020205,5,3
8020205,6,2
8020205,7,2
8020205,8,3
8020205,9,4
8020205,10,3
8020205,11,2
8020205,12,4
8020205,13,4
8020205,14,3
8020205,15,4
8020205,16,2
8020205,17,3
8020205,19,4
8020205,20,3
8020205,21,4
8020205,22,3
8020205,23,4
8020205,24,4
8020205,25,4
8020205,26,3
8020205,27,2
8020205,28,4
8020205,29,5
8020205,30,2
8020205,33,2
8020205,40,4
8020205,49,3
8020205,52,4
8020205,56,5
8020205,58,1
8020205,61,2
8020205,63,4
8020205,68,3
8020205,70,5
8020205,77,4
8020205,78,3
8020209,1,3
8020209,2,3
8020209,3,2
8020209,4,1
8020209,5,2
8020209,6,2
8020209,7,3
8020209,8,3
8020209,9,4
8020209,10,2
8020209,11,3
8020209,12,3
8020209,13,4
8020209,14,3
8020209,15,2
8020209,16,2
8020209,17,1
8020209,19,3
8020209,20,2
8020209,21,3
8020209,22,2
8020209,23,3
8020209,24,3
8020209,25,2
8020209,26,2
8020209,27,1
8020209,28,2
8020209,29,3
8020209,30,1
8020209,33,2
8020209,40,2
8020209,45,4
8020209,52,3
8020209,62,1
8020209,63,2
8020209,67,1
8020209,70,1
8020209,76,1
8020209,77,3
8020220,1,3
8020220,2,3
8020220,3,3
8020220,4,3
8020220,5,2
8020220,6,3
8020220,7,3
8020220,8,3
8020220,9,4
8020220,10,3
8020220,11,3
8020220,12,3
8020220,13,4
8020220,14,4
8020220,15,4
8020220,16,3
8020220,17,4
8020220,19,2
8020220,20,5
8020220,21,4
8020220,22,4
8020220,23,5
8020220,24,4
8020220,25,3
8020220,26,3
8020220,27,4
8020220,28,4
8020220,29,5
8020220,30,3
8020220,33,3
8020220,40,5
8020220,45,4
8020220,51,1
8020220,52,5
8020220,53,3
8020220,60,3
8020220,61,1
8020220,62,5
8020220,63,3
8020220,68,1
8020220,70,1
8020220,77,3
8020225,1,3
8020225,2,3
8020225,3,3
8020225,4,3
8020225,5,1
8020225,6,2
8020225,7,3
8020225,8,3
8020225,9,4
8020225,10,2
8020225,11,2
8020225,12,3
8020225,13,2
8020225,14,3
8020225,15,4
8020225,16,4
8020225,17,2
8020225,19,3
8020225,20,3
8020225,21,4
8020225,22,2
8020225,23,4
8020225,24,4
8020225,25,4
8020225,26,3
8020225,27,4
8020225,28,3
8020225,29,5
8020225,30,3
8020225,33,4
8020225,51,2
8020225,52,4
8020225,53,4
8020225,56,3
8020225,58,3
8020225,63,4
8020225,67,2
8020225,70,2
8020225,77,3
8020231,1,2
8020231,2,2
8020231,3,2
8020231,4,2
8020231,5,1
8020231,6,2
8020231,7,3
8020231,8,3
8020231,9,4
8020231,10,3
8020231,11,3
8020231,12,4
8020231,13,4
8020231,14,4
8020231,15,4
8020231,16,3
8020231,17,3
8020231,19,4
8020231,20,3
8020231,21,4
8020231,22,3
8020231,23,4
8020231,24,2
8020231,25,3
8020231,26,4
8020231,27,1
8020231,28,3
8020231,29,3
8020231,30,3
8020231,33,4
8020231,40,2
8020231,45,2
8020231,49,3
8020231,52,3
8020231,58,3
8020231,61,1
8020231,63,3
8020231,68,1
8020231,70,2
8020231,77,4
8020237,1,1
8020237,2,1
8020237,3,2
8020237,4,2
8020237,5,1
8020237,6,3
8020237,7,3
8020237,8,3
8020237,9,3
8020237,10,3
8020237,11,2
8020237,12,3
8020237,13,3
8020237,14,3
8020237,15,3
8020237,16,3
8020237,17,2
8020237,19,2
8020237,20,2
8020237,21,4
8020237,22,1
8020237,23,3
8020237,24,3
8020237,25,4
8020237,26,2
8020237,27,2
8020237,28,2
8020237,29,4
8020237,30,2
8020237,33,1
8020237,40,1
8020237,48,1
8020237,49,2
8020237,52,3
8020237,63,3
8020237,67,2
8020237,70,1
8020237,77,1
8020237,78,1
8020242,1,3
8020242,2,3
8020242,3,4
8020242,4,3
8020242,5,2
8020242,6,3
8020242,7,3
8020242,8,3
8020242,9,3
8020242,10,3
8020242,11,2
8020242,12,3
8020242,13,4
8020242,14,3
8020242,15,4
8020242,16,4
8020242,17,2
8020242,19,3
8020242,20,5
8020242,21,4
8020242,22,5
8020242,23,3
8020242,24,4
8020242,25,3
8020242,26,3
8020242,27,3
8020242,28,3
8020242,29,3
8020242,30,3
8020242,33,3
8020242,49,5
8020242,51,3
8020242,52,4
8020242,53,4
8020242,56,1
8020242,58,2
8020242,61,1
8020242,63,2
8020242,68,2
8020242,70,2
8020242,77,4
8020243,1,3
8020243,2,3
8020243,3,3
8020243,4,2
8020243,5,2
8020243,6,3
8020243,7,3
8020243,8,2
8020243,9,3
8020243,10,4
8020243,11,2
8020243,12,4
8020243,13,3
8020243,14,4
8020243,15,3
8020243,16,3
8020243,17,4
8020243,19,4
8020243,20,3
8020243,21,4
8020243,22,4
8020243,23,3
8020243,24,3
8020243,25,4
8020243,26,2
8020243,27,2
8020243,28,4
8020243,29,4
8020243,30,4
8020243,33,4
8020243,40,3
8020243,45,4
8020243,49,4
8020243,52,5
8020243,61,1
8020243,63,3
8020243,68,1
8020243,70,1
8020243,77,4
8020243,78,2
8020247,1,3
8020247,2,3
8020247,3,3
8020247,4,2
8020247,5,2
8020247,6,3
8020247,7,3
8020247,8,3
8020247,9,4
8020247,10,4
8020247,11,3
8020247,12,3
8020247,13,4
8020247,14,5
8020247,15,2
8020247,16,4
8020247,17,4
8020247,19,4
8020247,20,2
8020247,21,3
8020247,22,4
8020247,23,2
8020247,24,3
8020247,25,3
8020247,26,3
8020247,27,4
8020247,28,4
8020247,29,3
8020247,30,3
8020247,33,1
8020247,49,3
8020247,52,4
8020247,53,3
8020247,56,4
8020247,58,1
8020247,61,1
8020247,63,3
8020247,68,1
8020247,70,1
8020247,77,4
8020254,1,3
8020254,2,3
8020254,3,3
8020254,4,2
8020254,5,1
8020254,6,2
8020254,7,3
8020254,8,2
8020254,9,3
8020254,10,2
8020254,11,3
8020254,12,3
8020254,13,1
8020254,14,3
8020254,15,2
8020254,16,2
8020254,17,1
8020254,19,3
8020254,20,1
8020254,21,3
8020254,22,1
8020254,23,4
8020254,24,3
8020254,25,2
8020254,26,2
8020254,27,2
8020254,28,1
8020254,29,5
8020254,30,1
8020254,33,1
8020254,40,3
8020254,45,2
8020254,48,1
8020254,49,3
8020254,52,4
8020254,58,1
8020254,63,4
8020254,67,1
8020254,70,1
8020254,77,2
8020259,1,3
8020259,2,3
8020259,3,2
8020259,4,2
8020259,5,1
8020259,6,4
8020259,7,3
8020259,8,3
8020259,9,4
8020259,10,3
8020259,11,3
8020259,12,3
8020259,13,3
8020259,14,4
8020259,15,4
8020259,16,3
8020259,17,3
8020259,19,3
8020259,20,4
8020259,21,4
8020259,22,4
8020259,23,4
8020259,24,3
8020259,25,3
8020259,26,3
8020259,27,4
8020259,28,3
8020259,29,2
8020259,30,3
8020259,33,3
8020259,40,4
8020259,45,4
8020259,48,3
8020259,49,5
8020259,51,2
8020259,52,5
8020259,61,1
8020259,63,3
8020259,68,1
8020259,70,1
8020259,77,4
8020276,1,3
8020276,2,3
8020276,3,2
8020276,4,2
8020276,5,3
8020276,6,3
8020276,7,3
8020276,8,3
8020276,9,3
8020276,10,4
8020276,11,2
8020276,12,3
8020276,13,3
8020276,14,2
8020276,15,3
8020276,16,3
8020276,17,4
8020276,19,3
8020276,20,4
8020276,21,3
8020276,22,3
8020276,23,3
8020276,24,3
8020276,25,4
8020276,26,4
8020276,27,5
8020276,28,3
8020276,29,5
8020276,30,3
8020276,33,4
8020276,49,5
8020276,52,5
8020276,53,5
8020276,56,5
8020276,58,2
8020276,60,3
8020276,63,4
8020276,68,5
8020276,70,5
8020276,77,4
8020277,1,2
8020277,2,2
8020277,3,3
8020277,4,2
8020277,5,1
8020277,6,1
8020277,7,2
8020277,8,2
8020277,9,2
8020277,10,1
8020277,11,1
8020277,12,1
8020277,13,1
8020277,14,2
8020277,15,3
8020277,16,1
8020277,17,1
8020277,19,2
8020277,20,2
8020277,21,2
8020277,22,1
8020277,23,2
8020277,24,2
8020277,25,2
8020277,26,1
8020277,27,2
8020277,28,2
8020277,29,3
8020277,30,1
8020277,33,1
8020277,40,2
8020277,45,4
8020277,49,2
8020277,52,3
8020277,62,2
8020277,63,3
8020277,67,1
8020277,70,1
8020277,77,3
8020277,78,1
8020281,1,3
8020281,2,3
8020281,3,3
8020281,4,4
8020281,5,2
8020281,6,2
8020281,7,4
8020281,8,2
8020281,9,4
8020281,10,4
8020281,11,3
8020281,12,4
8020281,13,3
8020281,14,5
8020281,15,4
8020281,16,2
8020281,17,4
8020281,19,2
8020281,20,5
8020281,21,3
8020281,22,2
8020281,23,4
8020281,24,4
8020281,25,2
8020281,26,2
8020281,27,4
8020281,28,3
8020281,29,5
8020281,30,4
8020281,33,3
8020281,43,3
8020281,49,5
8020281,52,4
8020281,53,4
8020281,56,4
8020281,58,4
8020281,61,1
8020281,63,3
8020281,68,1
8020281,70,1
8020281,77,4
8020284,1,4
8020284,2,4
8020284,3,3
8020284,4,3
8020284,5,2
8020284,6,4
8020284,7,2
8020284,8,2
8020284,9,2
8020284,10,3
8020284,11,2
8020284,12,3
8020284,13,4
8020284,14,3
8020284,15,3
8020284,16,2
8020284,17,2
8020284,19,4
8020284,20,3
8020284,21,3
8020284,22,3
8020284,23,4
8020284,24,4
8020284,25,3
8020284,26,2
8020284,27,4
8020284,28,3
8020284,29,4
8020284,30,4
8020284,33,2
8020284,49,4
8020284,52,5
8020284,53,4
8020284,58,2
8020284,61,2
8020284,63,3
8020284,68,2
8020284,70,3
8020284,77,4
8020550,1,3
8020550,2,3
8020550,3,1
8020550,4,3
8020550,5,1
8020550,6,1
8020550,7,1
8020550,8,1
8020550,9,3
8020550,10,2
8020550,11,1
8020550,12,1
8020550,13,2
8020550,14,3
8020550,15,2
8020550,16,3
8020550,17,3
8020550,19,4
8020550,20,4
8020550,21,3
8020550,22,1
8020550,23,3
8020550,24,4
8020550,25,3
8020550,26,2
8020550,27,2
8020550,28,4
8020550,29,4
8020550,30,3
8020550,33,2
8020550,40,4
8020550,45,2
8020550,48,3
8020550,49,4
8020550,52,4
8020550,61,2
8020550,63,4
8020550,68,3
8020550,70,5
8020550,77,3
8020292,1,3
8020292,2,3
8020292,3,3
8020292,4,2
8020292,5,4
8020292,6,4
8020292,7,3
8020292,8,2
8020292,9,4
8020292,10,3
8020292,11,2
8020292,12,3
8020292,13,4
8020292,14,4
8020292,15,3
8020292,16,3
8020292,17,3
8020292,19,2
8020292,20,4
8020292,21,3
8020292,22,4
8020292,23,3
8020292,24,2
8020292,25,3
8020292,26,3
8020292,27,3
8020292,28,3
8020292,29,5
8020292,30,2
8020292,33,1
8020292,49,3
8020292,52,5
8020292,53,3
8020292,56,4
8020292,58,3
8020292,63,4
8020292,67,1
8020292,70,2
8020292,77,2
8020302,1,5.3
8020302,2,5.3
8020302,5,8.4
8020302,6,6.1
8020302,7,4.7
8020302,8,6.3
8020302,10,6.4
8020302,11,5.6
8020302,12,4.7
8020302,13,4.4
8020299,1,2
8020299,2,2
8020299,3,2
8020299,4,2
8020299,5,1
8020299,6,2
8020299,7,1
8020299,8,2
8020299,9,2
8020299,10,3
8020299,11,1
8020299,12,2
8020299,13,1
8020299,14,3
8020299,15,2
8020299,16,1
8020299,17,1
8020299,19,2
8020299,20,3
8020299,21,2
8020299,22,4
8020299,23,3
8020299,24,3
8020299,25,3
8020299,26,1
8020299,27,2
8020299,28,2
8020299,29,5
8020299,30,2
8020299,33,3
8020299,40,1
8020299,52,3
8020299,58,3
8020299,62,2
8020299,63,2
8020299,67,1
8020299,70,1
8020299,77,2
8020299,78,1
8020308,1,6.8
8020308,2,6.8
8020308,5,7.7
8020308,6,4.7
8020308,7,6.8
8020308,8,7.3
8020308,10,5.95
8020308,11,5.2
8020308,12,6.1
8020308,13,7.6
8020310,1,2
8020310,2,2
8020310,3,3
8020310,4,3
8020310,5,2
8020310,6,3
8020310,7,3
8020310,8,3
8020310,9,4
8020310,10,2
8020310,11,1
8020310,12,3
8020310,13,2
8020310,14,3
8020310,15,3
8020310,16,2
8020310,17,2
8020310,19,3
8020310,20,2
8020310,21,3
8020310,22,2
8020310,23,3
8020310,24,4
8020310,25,4
8020310,26,2
8020310,27,2
8020310,28,3
8020310,29,1
8020310,30,2
8020310,33,3
8020310,40,2
8020310,49,2
8020310,52,3
8020310,56,3
8020310,63,2
8020310,67,1
8020310,70,2
8020310,77,3
8020310,78,2
8020315,1,2
8020315,2,2
8020315,3,3
8020315,4,3
8020315,5,1
8020315,6,3
8020315,7,2
8020315,8,3
8020315,9,3
8020315,10,2
8020315,11,4
8020315,12,2
8020315,13,3
8020315,14,3
8020315,15,3
8020315,16,3
8020315,17,3
8020315,19,3
8020315,20,3
8020315,21,3
8020315,22,3
8020315,23,3
8020315,24,2
8020315,25,4
8020315,26,1
8020315,27,3
8020315,28,3
8020315,29,5
8020315,30,2
8020315,33,1
8020315,40,2
8020315,45,4
8020315,49,3
8020315,52,4
8020315,56,2
8020315,63,4
8020315,67,2
8020315,70,1
8020315,77,3
8020316,1,3
8020316,2,3
8020316,3,2
8020316,4,2
8020316,5,2
8020316,6,4
8020316,7,2
8020316,8,2
8020316,9,4
8020316,10,4
8020316,11,3
8020316,12,1
8020316,13,3
8020316,14,3
8020316,15,3
8020316,16,3
8020316,17,3
8020316,19,3
8020316,20,3
8020316,21,3
8020316,22,4
8020316,23,3
8020316,24,2
8020316,25,3
8020316,26,3
8020316,27,3
8020316,28,3
8020316,29,5
8020316,30,2
8020316,33,1
8020316,49,3
8020316,52,2
8020316,53,4
8020316,56,1
8020316,58,2
8020316,61,1
8020316,63,3
8020316,68,3
8020316,70,2
8020316,77,3
8020323,1,2
8020323,2,2
8020323,3,3
8020323,4,2
8020323,5,2
8020323,6,1
8020323,7,3
8020323,8,4
8020323,9,4
8020323,10,4
8020323,11,1
8020323,12,3
8020323,13,3
8020323,14,1
8020323,15,2
8020323,16,3
8020323,17,3
8020323,19,3
8020323,20,2
8020323,21,4
8020323,22,3
8020323,23,3
8020323,24,4
8020323,25,2
8020323,26,3
8020323,27,3
8020323,28,3
8020323,29,3
8020323,30,2
8020323,33,2
8020323,45,4
8020323,52,3
8020323,53,1
8020323,56,4
8020323,58,3
8020323,63,3
8020323,67,1
8020323,70,1
8020323,77,2
8020338,1,2
8020338,2,2
8020338,3,3
8020338,4,2
8020338,5,2
8020338,6,3
8020338,7,3
8020338,8,3
8020338,9,4
8020338,10,2
8020338,11,2
8020338,12,3
8020338,13,3
8020338,14,3
8020338,15,3
8020338,16,3
8020338,17,1
8020338,19,2
8020338,20,4
8020338,21,4
8020338,22,3
8020338,23,3
8020338,24,3
8020338,25,3
8020338,26,2
8020338,27,4
8020338,28,3
8020338,29,5
8020338,30,2
8020338,33,2
8020338,40,3
8020338,45,3
8020338,49,5
8020338,51,2
8020338,52,4
8020338,58,3
8020338,63,2
8020338,67,1
8020338,70,1
8020338,77,2
8020350,1,2
8020350,2,2
8020350,3,2
8020350,4,3
8020350,5,2
8020350,6,1
8020350,7,3
8020350,8,3
8020350,9,4
8020350,10,2
8020350,11,1
8020350,12,2
8020350,13,2
8020350,14,4
8020350,15,3
8020350,16,3
8020350,17,2
8020350,19,3
8020350,20,1
8020350,21,2
8020350,22,3
8020350,23,2
8020350,24,2
8020350,25,2
8020350,26,2
8020350,27,3
8020350,28,2
8020350,29,5
8020350,30,1
8020350,33,1
8020350,40,2
8020350,45,3
8020350,49,3
8020350,52,3
8020350,53,2
8020350,63,3
8020350,67,2
8020350,70,1
8020350,77,3
8020352,1,4
8020352,2,4
8020352,3,2
8020352,4,2
8020352,5,2
8020352,6,1
8020352,7,2
8020352,8,3
8020352,9,3
8020352,10,3
8020352,11,3
8020352,12,3
8020352,13,2
8020352,14,4
8020352,15,2
8020352,16,3
8020352,17,3
8020352,19,3
8020352,20,1
8020352,21,4
8020352,22,3
8020352,23,3
8020352,24,3
8020352,25,3
8020352,26,2
8020352,27,2
8020352,28,3
8020352,29,4
8020352,30,3
8020352,33,3
8020352,40,3
8020352,45,3
8020352,51,1
8020352,52,4
8020352,56,2
8020352,63,3
8020352,67,2
8020352,70,1
8020352,77,2
8020370,1,3
8020370,2,3
8020370,3,3
8020370,4,2
8020370,5,2
8020370,6,3
8020370,7,3
8020370,8,3
8020370,9,4
8020370,10,3
8020370,11,1
8020370,12,3
8020370,13,3
8020370,14,3
8020370,15,4
8020370,16,2
8020370,17,3
8020370,19,3
8020370,20,4
8020370,21,3
8020370,22,4
8020370,23,3
8020370,24,3
8020370,25,3
8020370,26,3
8020370,27,3
8020370,28,2
8020370,29,4
8020370,30,2
8020370,33,2
8020370,48,3
8020370,51,1
8020370,52,5
8020370,62,1
8020370,63,2
8020370,67,1
8020370,70,1
8020370,77,2
8020370,78,1
6020343,1,5
6020343,2,5
6020343,9,4
6020343,14,3
6020343,15,2
6020343,17,2
6020343,19,5
6020343,20,3
6020343,21,4
6020343,23,3
6020343,24,5
6020343,25,2
6020343,26,2
6020343,27,5
6020343,28,5
6020343,29,5
6020343,30,5
6020343,33,4
6020343,52,5
6020343,77,4
8020376,1,3
8020376,2,3
8020376,3,2
8020376,4,2
8020376,5,2
8020376,6,2
8020376,7,3
8020376,8,3
8020376,9,3
8020376,10,3
8020376,11,1
8020376,12,2
8020376,13,4
8020376,14,3
8020376,15,3
8020376,16,3
8020376,17,3
8020376,19,3
8020376,20,2
8020376,21,4
8020376,22,2
8020376,23,2
8020376,24,2
8020376,25,2
8020376,26,4
8020376,27,2
8020376,28,2
8020376,29,4
8020376,30,2
8020376,33,1
8020376,40,1
8020376,45,3
8020376,52,3
8020376,62,2
8020376,63,2
8020376,67,2
8020376,70,1
8020376,76,3
8020376,77,2
8020381,1,2
8020381,2,2
8020381,3,2
8020381,4,3
8020381,5,2
8020381,6,1
8020381,7,3
8020381,8,3
8020381,9,4
8020381,10,3
8020381,11,1
8020381,12,3
8020381,13,3
8020381,14,2
8020381,15,4
8020381,16,4
8020381,17,3
8020381,19,4
8020381,20,3
8020381,21,4
8020381,22,3
8020381,23,4
8020381,24,3
8020381,25,3
8020381,26,4
8020381,27,3
8020381,28,4
8020381,29,4
8020381,30,2
8020381,33,2
8020381,49,3
8020381,51,2
8020381,52,4
8020381,53,2
8020381,63,4
8020381,67,1
8020381,70,2
8020381,77,3
8020381,78,2
8020389,1,3
8020389,2,3
8020389,3,4
8020389,4,4
8020389,5,3
8020389,6,2
8020389,7,1
8020389,8,4
8020389,9,2
8020389,10,4
8020389,11,3
8020389,12,4
8020389,13,3
8020389,14,4
8020389,15,4
8020389,16,4
8020389,17,3
8020389,19,2
8020389,20,3
8020389,21,4
8020389,22,4
8020389,23,3
8020389,24,4
8020389,25,3
8020389,26,3
8020389,27,4
8020389,28,3
8020389,29,2
8020389,30,4
8020389,33,3
8020389,49,4
8020389,51,4
8020389,52,4
8020389,53,2
8020389,56,5
8020389,58,2
8020389,61,2
8020389,63,4
8020389,68,2
8020389,70,5
8020389,77,3
8020393,1,2
8020393,2,2
8020393,3,2
8020393,4,2
8020393,5,3
8020393,6,4
8020393,7,4
8020393,8,4
8020393,9,4
8020393,10,4
8020393,11,2
8020393,12,3
8020393,13,3
8020393,14,4
8020393,15,3
8020393,16,3
8020393,17,2
8020393,19,3
8020393,20,3
8020393,21,4
8020393,22,4
8020393,23,3
8020393,24,4
8020393,25,3
8020393,26,3
8020393,27,2
8020393,28,3
8020393,29,3
8020393,30,2
8020393,33,1
8020393,40,2
8020393,48,3
8020393,49,2
8020393,52,2
8020393,63,3
8020393,67,1
8020393,70,2
8020393,77,3
8020393,78,2
8020394,1,3
8020394,2,3
8020394,3,3
8020394,4,1
8020394,5,2
8020394,6,5
8020394,7,3
8020394,8,3
8020394,9,4
8020394,10,3
8020394,11,3
8020394,12,1
8020394,13,3
8020394,14,4
8020394,15,4
8020394,16,3
8020394,17,2
8020394,19,1
8020394,20,4
8020394,21,4
8020394,22,1
8020394,23,3
8020394,24,3
8020394,25,3
8020394,26,3
8020394,27,3
8020394,28,4
8020394,29,4
8020394,30,3
8020394,33,3
8020394,51,1
8020394,52,3
8020394,56,2
8020394,58,3
8020394,61,1
8020394,63,4
8020394,68,1
8020394,70,1
8020394,77,4
8020394,78,2
8020403,1,3
8020403,2,3
8020403,3,2
8020403,4,2
8020403,5,2
8020403,6,3
8020403,7,4
8020403,8,4
8020403,9,2
8020403,10,4
8020403,11,3
8020403,12,2
8020403,13,3
8020403,14,4
8020403,15,3
8020403,16,2
8020403,17,4
8020403,19,2
8020403,20,5
8020403,21,4
8020403,22,3
8020403,23,3
8020403,24,3
8020403,25,3
8020403,26,1
8020403,27,2
8020403,28,3
8020403,29,5
8020403,30,2
8020403,33,2
8020403,40,3
8020403,48,3
8020403,49,2
8020403,52,5
8020403,61,1
8020403,63,2
8020403,68,2
8020403,70,1
8020403,77,3
8020403,78,2
8020405,1,3
8020405,2,3
8020405,3,3
8020405,4,2
8020405,5,2
8020405,6,1
8020405,7,2
8020405,8,2
8020405,9,3
8020405,10,3
8020405,11,2
8020405,12,3
8020405,13,3
8020405,14,4
8020405,15,3
8020405,16,4
8020405,17,3
8020405,19,2
8020405,20,4
8020405,21,3
8020405,22,2
8020405,23,3
8020405,24,2
8020405,25,3
8020405,26,1
8020405,27,4
8020405,28,4
8020405,29,2
8020405,30,2
8020405,33,2
8020405,49,1
8020405,52,3
8020405,53,3
8020405,56,1
8020405,58,2
8020405,63,2
8020405,67,1
8020405,70,1
8020405,77,4
8020410,1,3
8020410,2,3
8020410,3,2
8020410,4,3
8020410,5,2
8020410,6,2
8020410,7,3
8020410,8,3
8020410,9,4
8020410,10,2
8020410,11,2
8020410,12,2
8020410,13,2
8020410,14,3
8020410,15,3
8020410,16,2
8020410,17,3
8020410,19,3
8020410,20,2
8020410,21,2
8020410,22,3
8020410,23,1
8020410,24,2
8020410,25,2
8020410,26,3
8020410,27,3
8020410,28,2
8020410,29,5
8020410,30,2
8020410,33,2
8020410,40,2
8020410,45,3
8020410,48,1
8020410,52,4
8020410,62,2
8020410,63,3
8020410,67,2
8020410,70,1
8020410,77,2
8020415,1,3
8020415,2,3
8020415,3,3
8020415,4,2
8020415,5,2
8020415,6,2
8020415,7,3
8020415,8,3
8020415,9,4
8020415,10,4
8020415,11,3
8020415,12,2
8020415,13,3
8020415,14,4
8020415,15,2
8020415,16,2
8020415,17,3
8020415,19,3
8020415,20,1
8020415,21,4
8020415,22,4
8020415,23,3
8020415,24,2
8020415,25,3
8020415,26,3
8020415,27,3
8020415,28,2
8020415,29,4
8020415,30,2
8020415,33,2
8020415,40,3
8020415,45,2
8020415,48,4
8020415,52,3
8020415,58,1
8020415,63,2
8020415,67,1
8020415,70,2
8020415,77,3
8020426,1,3
8020426,2,3
8020426,3,2
8020426,4,4
8020426,5,2
8020426,6,3
8020426,7,3
8020426,8,3
8020426,9,3
8020426,10,3
8020426,11,2
8020426,12,3
8020426,13,3
8020426,14,4
8020426,15,2
8020426,16,2
8020426,17,3
8020426,19,3
8020426,20,4
8020426,21,3
8020426,22,4
8020426,23,2
8020426,24,2
8020426,25,3
8020426,26,3
8020426,27,1
8020426,28,2
8020426,29,1
8020426,30,1
8020426,33,3
8020426,40,3
8020426,45,3
8020426,51,1
8020426,52,4
8020426,63,3
8020426,67,1
8020426,70,1
8020426,77,3
8020426,78,2
8020428,1,3
8020428,2,3
8020428,3,2
8020428,4,2
8020428,5,1
8020428,6,4
8020428,7,3
8020428,8,3
8020428,9,4
8020428,10,3
8020428,11,2
8020428,12,2
8020428,13,4
8020428,14,3
8020428,15,2
8020428,16,2
8020428,17,2
8020428,19,2
8020428,20,2
8020428,21,4
8020428,22,2
8020428,23,3
8020428,24,3
8020428,25,1
8020428,26,3
8020428,27,4
8020428,28,2
8020428,29,2
8020428,30,1
8020428,33,2
8020428,40,3
8020428,45,3
8020428,49,2
8020428,52,3
8020428,56,1
8020428,62,2
8020428,63,3
8020428,67,1
8020428,70,1
8020428,76,2
8020428,77,1
8020464,1,2
8020464,2,2
8020464,3,3
8020464,4,4
8020464,5,2
8020464,6,1
8020464,7,3
8020464,8,3
8020464,9,4
8020464,10,2
8020464,11,2
8020464,12,2
8020464,13,2
8020464,14,3
8020464,15,3
8020464,16,3
8020464,17,3
8020464,19,3
8020464,20,1
8020464,21,4
8020464,22,2
8020464,23,3
8020464,24,3
8020464,25,3
8020464,26,3
8020464,27,4
8020464,28,5
8020464,29,1
8020464,30,3
8020464,33,1
8020464,51,4
8020464,52,5
8020464,53,2
8020464,56,5
8020464,58,4
8020464,61,2
8020464,62,3
8020464,63,3
8020464,68,3
8020464,70,1
8020464,77,2
8020452,1,3
8020452,2,3
8020452,3,3
8020452,4,2
8020452,5,1
8020452,6,3
8020452,7,2
8020452,8,3
8020452,9,4
8020452,10,3
8020452,11,1
8020452,12,1
8020452,13,4
8020452,14,4
8020452,15,3
8020452,16,2
8020452,17,3
8020452,19,3
8020452,20,3
8020452,21,3
8020452,22,4
8020452,23,3
8020452,24,2
8020452,25,3
8020452,26,3
8020452,27,3
8020452,28,3
8020452,29,4
8020452,30,2
8020452,33,3
8020452,40,3
8020452,45,3
8020452,48,3
8020452,49,3
8020452,52,3
8020452,63,3
8020452,67,2
8020452,70,1
8020452,77,4
8020450,1,6.1
8020450,2,6.1
8020450,5,8
8020450,6,4.4
8020450,7,6.5
8020450,8,6
8020450,10,5.65
8020450,11,6.1
8020450,12,5.4
8020450,13,4
8020458,1,3
8020458,2,3
8020458,5,2
8020458,6,4
8020458,7,3
8020458,8,4
8020458,9,4
8020458,10,4
8020458,11,2
8020458,12,3
8020458,13,4
8020458,14,4
8020458,16,5
8020458,17,3
8020458,19,5
8020458,20,5
8020458,21,4
8020458,22,5
8020458,26,5
8020441,1,3
8020441,2,3
8020441,3,1
8020441,4,2
8020441,5,2
8020441,6,3
8020441,7,3
8020441,8,4
8020441,9,4
8020441,10,3
8020441,11,2
8020441,12,2
8020441,13,3
8020441,14,4
8020441,15,4
8020441,16,3
8020441,17,2
8020441,19,2
8020441,20,2
8020441,21,4
8020441,22,3
8020441,23,3
8020441,24,3
8020441,25,3
8020441,26,3
8020441,27,1
8020441,28,3
8020441,29,4
8020441,30,2
8020441,33,3
8020441,45,2
8020441,52,3
8020441,53,2
8020441,56,2
8020441,58,1
8020441,63,3
8020441,67,2
8020441,70,2
8020441,77,4
8020466,1,4
8020466,2,4
8020466,3,3
8020466,4,4
8020466,5,2
8020466,6,3
8020466,7,3
8020466,8,3
8020466,9,4
8020466,10,2
8020466,11,2
8020466,12,4
8020466,13,3
8020466,14,4
8020466,15,3
8020466,16,4
8020466,17,3
8020466,19,2
8020466,20,3
8020466,21,3
8020466,22,2
8020466,23,3
8020466,24,2
8020466,25,4
8020466,26,3
8020466,27,4
8020466,28,2
8020466,29,5
8020466,30,3
8020466,33,1
8020466,43,3
8020466,51,5
8020466,52,4
8020466,53,2
8020466,56,1
8020466,58,2
8020466,63,3
8020466,67,2
8020466,70,1
8020466,77,3
8020468,1,3
8020468,2,3
8020468,3,3
8020468,4,2
8020468,5,2
8020468,6,1
8020468,7,2
8020468,8,2
8020468,9,3
8020468,10,3
8020468,11,3
8020468,12,1
8020468,13,1
8020468,14,3
8020468,15,3
8020468,16,2
8020468,17,2
8020468,19,2
8020468,20,1
8020468,21,3
8020468,22,2
8020468,23,1
8020468,24,1
8020468,25,2
8020468,26,3
8020468,27,3
8020468,28,2
8020468,29,5
8020468,30,2
8020468,33,1
8020468,49,2
8020468,51,1
8020468,52,4
8020468,56,1
8020468,61,1
8020468,62,3
8020468,63,3
8020468,68,1
8020468,70,1
8020468,77,1
8020476,1,3
8020476,2,3
8020476,3,2
8020476,4,3
8020476,5,1
8020476,6,1
8020476,7,2
8020476,8,3
8020476,9,3
8020476,10,2
8020476,11,1
8020476,12,2
8020476,13,2
8020476,14,3
8020476,15,4
8020476,16,1
8020476,17,3
8020476,19,2
8020476,20,1
8020476,21,4
8020476,22,1
8020476,23,2
8020476,24,3
8020476,25,3
8020476,26,2
8020476,27,2
8020476,28,3
8020476,29,3
8020476,30,2
8020476,33,2
8020476,48,1
8020476,51,1
8020476,52,4
8020476,62,2
8020476,63,2
8020476,67,1
8020476,70,1
8020476,77,3
8020476,78,1
8020478,1,4
8020478,2,4
8020478,3,3
8020478,4,3
8020478,5,1
8020478,6,3
8020478,7,3
8020478,8,3
8020478,9,4
8020478,10,4
8020478,11,4
8020478,12,4
8020478,13,4
8020478,14,4
8020478,15,3
8020478,16,3
8020478,17,3
8020478,19,3
8020478,20,2
8020478,21,4
8020478,22,2
8020478,23,3
8020478,24,3
8020478,25,3
8020478,26,3
8020478,27,2
8020478,28,2
8020478,29,3
8020478,30,2
8020478,33,4
8020478,40,4
8020478,45,3
8020478,48,4
8020478,49,2
8020478,52,4
8020478,63,3
8020478,67,1
8020478,70,1
8020478,77,3
8020480,1,3
8020480,2,3
8020480,3,2
8020480,4,2
8020480,5,2
8020480,6,2
8020480,7,3
8020480,8,3
8020480,9,4
8020480,10,3
8020480,11,2
8020480,12,1
8020480,13,4
8020480,14,4
8020480,15,3
8020480,16,3
8020480,17,3
8020480,19,3
8020480,20,4
8020480,21,4
8020480,22,3
8020480,23,3
8020480,24,2
8020480,25,2
8020480,26,3
8020480,27,3
8020480,28,2
8020480,29,5
8020480,30,1
8020480,33,2
8020480,49,1
8020480,52,3
8020480,53,2
8020480,56,2
8020480,58,1
8020480,63,2
8020480,67,1
8020480,70,1
8020480,77,3
7020179,1,3
7020179,2,3
7020179,3,2
7020179,4,4
7020179,8,2
7020179,9,2
7020179,12,1
7020179,13,4
7020179,14,4
7020179,15,3
7020179,16,4
7020179,17,4
7020179,19,3
7020179,20,3
7020179,21,4
7020179,22,5
7020179,23,4
7020179,24,4
7020179,25,4
7020179,26,3
7020179,27,4
7020179,28,1
7020179,29,4
7020179,30,3
7020179,33,2
7020179,45,4
7020179,48,4
7020179,49,4
7020179,51,5
7020179,52,3
7020179,61,2
7020179,63,3
7020179,68,3
7020179,70,1
7020179,77,4
7020179,78,2
8020001,1,4
8020001,2,4
8020001,3,4
8020001,4,3
8020001,5,3
8020001,6,1
8020001,7,4
8020001,8,4
8020001,9,4
8020001,10,3
8020001,11,1
8020001,12,3
8020001,13,2
8020001,14,4
8020001,15,3
8020001,16,1
8020001,17,4
8020001,19,3
8020001,20,2
8020001,21,4
8020001,22,2
8020001,23,2
8020001,24,2
8020001,25,3
8020001,26,1
8020001,27,3
8020001,28,2
8020001,29,5
8020001,30,2
8020001,33,1
8020001,49,2
8020001,51,1
8020001,52,4
8020001,56,1
8020001,63,4
8020001,67,2
8020001,70,1
8020001,77,2
8020001,78,2
8020003,1,4
8020003,2,4
8020003,3,3
8020003,4,4
8020003,5,2
8020003,6,2
8020003,7,4
8020003,8,4
8020003,9,4
8020003,10,4
8020003,11,3
8020003,12,4
8020003,13,1
8020003,14,3
8020003,15,3
8020003,16,3
8020003,17,4
8020003,19,4
8020003,20,2
8020003,21,3
8020003,22,3
8020003,23,2
8020003,24,3
8020003,25,4
8020003,26,3
8020003,27,4
8020003,28,3
8020003,29,2
8020003,30,3
8020003,33,2
8020003,49,2
8020003,52,3
8020003,53,2
8020003,58,2
8020003,62,4
8020003,63,3
8020003,67,1
8020003,70,1
8020003,77,3
8020003,78,5
8020024,1,3
8020024,2,3
8020024,3,3
8020024,4,2
8020024,5,2
8020024,6,3
8020024,7,3
8020024,8,4
8020024,9,3
8020024,10,3
8020024,11,2
8020024,12,3
8020024,13,3
8020024,14,2
8020024,15,2
8020024,16,4
8020024,17,4
8020024,19,3
8020024,20,4
8020024,21,4
8020024,22,3
8020024,23,3
8020024,24,4
8020024,25,3
8020024,26,3
8020024,27,3
8020024,28,2
8020024,29,3
8020024,30,2
8020024,33,2
8020024,48,4
8020024,49,3
8020024,51,4
8020024,52,4
8020024,61,1
8020024,63,4
8020024,68,1
8020024,70,2
8020024,77,2
8020024,78,2
8020050,1,3
8020050,2,3
8020050,3,3
8020050,4,2
8020050,5,3
8020050,6,4
8020050,7,3
8020050,8,3
8020050,9,4
8020050,10,3
8020050,11,2
8020050,12,3
8020050,13,3
8020050,14,3
8020050,15,3
8020050,16,4
8020050,17,4
8020050,19,4
8020050,20,3
8020050,21,3
8020050,22,4
8020050,23,3
8020050,24,3
8020050,25,2
8020050,26,2
8020050,27,3
8020050,28,3
8020050,29,5
8020050,30,3
8020050,33,2
8020050,40,3
8020050,45,4
8020050,51,5
8020050,52,1
8020050,56,5
8020050,58,2
8020050,61,2
8020050,63,4
8020050,68,4
8020050,70,4
8020050,77,3
8020056,1,4
8020056,2,4
8020056,3,2
8020056,4,2
8020056,5,1
8020056,6,1
8020056,7,3
8020056,8,3
8020056,9,3
8020056,10,2
8020056,11,3
8020056,12,2
8020056,13,1
8020056,14,3
8020056,15,4
8020056,16,3
8020056,17,1
8020056,19,2
8020056,20,2
8020056,21,3
8020056,22,1
8020056,23,2
8020056,24,3
8020056,25,2
8020056,26,2
8020056,27,2
8020056,28,2
8020056,29,4
8020056,30,2
8020056,33,2
8020056,45,3
8020056,49,2
8020056,52,5
8020056,58,3
8020056,60,3
8020056,63,4
8020056,68,2
8020056,70,1
8020056,77,2
8020056,78,2
8020060,1,4
8020060,2,4
8020060,3,2
8020060,4,4
8020060,5,1
8020060,6,1
8020060,7,3
8020060,8,4
8020060,9,3
8020060,10,4
8020060,11,4
8020060,12,3
8020060,13,4
8020060,14,3
8020060,15,5
8020060,16,1
8020060,17,3
8020060,19,3
8020060,20,1
8020060,21,3
8020060,22,2
8020060,23,2
8020060,24,2
8020060,25,3
8020060,26,2
8020060,27,4
8020060,28,4
8020060,29,5
8020060,30,2
8020060,33,2
8020060,43,3
8020060,52,5
8020060,56,5
8020060,58,2
8020060,61,1
8020060,63,4
8020060,67,1
8020060,70,1
8020060,77,3
8020060,78,2
8020062,1,3
8020062,2,3
8020062,3,3
8020062,4,4
8020062,5,2
8020062,6,1
8020062,7,3
8020062,8,3
8020062,9,4
8020062,10,2
8020062,11,3
8020062,12,1
8020062,13,2
8020062,14,3
8020062,15,2
8020062,16,3
8020062,17,2
8020062,19,3
8020062,20,3
8020062,21,4
8020062,22,3
8020062,23,1
8020062,24,2
8020062,25,3
8020062,26,4
8020062,27,2
8020062,28,2
8020062,29,1
8020062,30,1
8020062,33,2
8020062,49,3
8020062,52,5
8020062,53,3
8020062,56,2
8020062,58,3
8020062,63,3
8020062,67,2
8020062,70,2
8020062,77,2
8020066,1,3
8020066,2,3
8020066,3,2
8020066,4,2
8020066,5,2
8020066,6,2
8020066,7,2
8020066,8,2
8020066,9,2
8020066,10,3
8020066,11,2
8020066,12,3
8020066,13,2
8020066,14,3
8020066,15,2
8020066,16,3
8020066,17,4
8020066,19,3
8020066,20,2
8020066,21,4
8020066,22,3
8020066,23,3
8020066,24,2
8020066,25,2
8020066,26,1
8020066,27,2
8020066,28,1
8020066,29,3
8020066,30,2
8020066,33,2
8020066,40,1
8020066,48,1
8020066,49,2
8020066,52,4
8020066,53,2
8020066,63,1
8020066,67,1
8020066,70,2
8020066,77,1
8020068,1,3
8020068,2,3
8020068,3,3
8020068,4,2
8020068,5,2
8020068,6,1
8020068,7,4
8020068,8,3
8020068,9,4
8020068,10,1
8020068,11,2
8020068,12,1
8020068,13,2
8020068,14,4
8020068,15,2
8020068,16,2
8020068,17,1
8020068,19,2
8020068,20,2
8020068,21,3
8020068,22,2
8020068,23,2
8020068,24,3
8020068,25,2
8020068,26,2
8020068,27,2
8020068,28,2
8020068,29,1
8020068,30,2
8020068,33,1
8020068,45,2
8020068,48,1
8020068,49,2
8020068,52,4
8020068,53,2
8020068,63,3
8020068,67,2
8020068,70,1
8020068,77,1
8020081,1,3
8020081,2,3
8020081,3,3
8020081,4,3
8020081,5,2
8020081,6,3
8020081,7,3
8020081,8,3
8020081,9,4
8020081,10,3
8020081,11,3
8020081,12,3
8020081,13,1
8020081,14,2
8020081,15,3
8020081,16,3
8020081,17,3
8020081,19,2
8020081,20,2
8020081,21,2
8020081,22,2
8020081,23,2
8020081,24,3
8020081,25,1
8020081,26,1
8020081,27,2
8020081,28,1
8020081,29,2
8020081,30,2
8020081,33,2
8020081,49,2
8020081,52,4
8020081,62,2
8020081,63,2
8020081,67,1
8020081,70,1
8020081,76,2
8020081,77,2
8020083,1,4
8020083,2,4
8020083,3,4
8020083,4,3
8020083,5,3
8020083,6,1
8020083,7,2
8020083,8,2
8020083,9,3
8020083,10,4
8020083,11,4
8020083,12,3
8020083,13,3
8020083,14,3
8020083,15,4
8020083,16,3
8020083,17,4
8020083,19,3
8020083,20,2
8020083,21,3
8020083,22,3
8020083,23,2
8020083,24,3
8020083,25,3
8020083,26,3
8020083,27,4
8020083,28,3
8020083,29,3
8020083,30,3
8020083,33,3
8020083,45,3
8020083,48,4
8020083,49,4
8020083,52,4
8020083,53,2
8020083,63,3
8020083,67,1
8020083,70,2
8020083,77,4
8020084,1,6.5
8020084,2,6.5
8020084,5,7.6
8020084,6,5.5
8020084,7,6.4
8020084,8,6.2
8020084,10,5.1
8020084,11,5.1
8020084,12,6.2
8020084,13,5.8
8020099,1,2
8020099,2,2
8020099,3,2
8020099,4,2
8020099,5,3
8020099,6,3
8020099,7,4
8020099,8,4
8020099,9,3
8020099,10,4
8020099,11,1
8020099,12,2
8020099,13,2
8020099,14,4
8020099,15,2
8020099,16,2
8020099,17,3
8020099,19,3
8020099,20,2
8020099,21,2
8020099,22,3
8020099,23,3
8020099,24,3
8020099,25,3
8020099,26,3
8020099,27,3
8020099,28,3
8020099,29,3
8020099,30,2
8020099,33,2
8020099,40,3
8020099,48,4
8020099,49,4
8020099,51,4
8020099,52,3
8020099,61,1
8020099,63,3
8020099,68,1
8020099,70,2
8020099,77,2
8020099,78,2
8020107,1,2
8020107,2,2
8020107,3,3
8020107,4,4
8020107,5,2
8020107,6,2
8020107,7,3
8020107,8,3
8020107,9,4
8020107,10,3
8020107,11,2
8020107,12,2
8020107,13,3
8020107,14,4
8020107,15,2
8020107,16,1
8020107,17,3
8020107,19,3
8020107,20,1
8020107,21,4
8020107,22,3
8020107,23,2
8020107,24,4
8020107,25,2
8020107,26,2
8020107,27,4
8020107,28,2
8020107,29,1
8020107,30,2
8020107,33,1
8020107,48,5
8020107,49,3
8020107,52,2
8020107,53,3
8020107,60,2
8020107,61,1
8020107,62,3
8020107,63,2
8020107,68,2
8020107,70,1
8020107,77,1
8020108,1,6.4
8020108,2,6.4
8020108,5,7.2
8020108,6,9.4
8020108,7,6.1
8020108,8,6.4
8020108,10,5.7
8020108,11,5.3
8020108,12,6
8020108,13,8.7
8020122,1,3
8020122,2,3
8020122,3,2
8020122,4,2
8020122,5,1
8020122,6,4
8020122,7,2
8020122,8,3
8020122,9,3
8020122,10,3
8020122,11,3
8020122,12,2
8020122,13,3
8020122,14,4
8020122,15,3
8020122,16,4
8020122,17,3
8020122,19,3
8020122,20,1
8020122,21,3
8020122,22,2
8020122,23,2
8020122,24,3
8020122,25,2
8020122,26,3
8020122,27,4
8020122,28,2
8020122,29,5
8020122,30,2
8020122,33,2
8020122,45,3
8020122,52,4
8020122,53,2
8020122,56,4
8020122,58,2
8020122,63,4
8020122,67,2
8020122,70,2
8020122,77,3
8020121,1,2
8020121,2,2
8020121,3,2
8020121,4,3
8020121,5,1
8020121,6,1
8020121,7,3
8020121,8,3
8020121,9,4
8020121,10,2
8020121,11,3
8020121,12,1
8020121,13,4
8020121,14,4
8020121,15,5
8020121,16,1
8020121,17,3
8020121,19,3
8020121,20,1
8020121,21,4
8020121,22,1
8020121,23,2
8020121,24,1
8020121,25,3
8020121,26,4
8020121,27,3
8020121,28,4
8020121,29,4
8020121,30,1
8020121,33,2
8020121,45,4
8020121,52,4
8020121,53,2
8020121,56,5
8020121,58,1
8020121,62,2
8020121,63,2
8020121,67,2
8020121,70,2
8020121,77,2
8020121,78,2
8020124,1,3
8020124,2,3
8020124,3,3
8020124,4,3
8020124,5,2
8020124,6,3
8020124,7,2
8020124,8,2
8020124,9,4
8020124,10,2
8020124,11,1
8020124,12,2
8020124,13,3
8020124,14,3
8020124,15,2
8020124,16,3
8020124,17,4
8020124,19,3
8020124,20,2
8020124,21,3
8020124,22,1
8020124,23,3
8020124,24,2
8020124,25,1
8020124,26,3
8020124,27,2
8020124,28,2
8020124,29,4
8020124,30,2
8020124,33,1
8020124,40,3
8020124,43,2
8020124,45,1
8020124,52,4
8020124,53,2
8020124,60,1
8020124,63,2
8020124,68,2
8020124,70,2
8020124,77,1
8020137,1,3
8020137,2,3
8020137,3,3
8020137,4,2
8020137,5,2
8020137,6,2
8020137,7,2
8020137,8,4
8020137,9,3
8020137,10,4
8020137,11,3
8020137,12,3
8020137,13,3
8020137,14,4
8020137,15,3
8020137,16,2
8020137,17,3
8020137,19,3
8020137,20,2
8020137,21,4
8020137,22,2
8020137,23,5
8020137,24,2
8020137,25,2
8020137,26,2
8020137,27,3
8020137,28,2
8020137,29,2
8020137,30,2
8020137,33,1
8020137,43,3
8020137,48,4
8020137,49,4
8020137,51,5
8020137,52,4
8020137,61,1
8020137,63,3
8020137,68,1
8020137,70,5
8020137,77,2
8020137,78,2
8020142,1,4
8020142,2,4
8020142,3,2
8020142,4,3
8020142,5,2
8020142,6,3
8020142,7,3
8020142,8,2
8020142,9,3
8020142,10,3
8020142,11,2
8020142,12,2
8020142,13,3
8020142,14,3
8020142,15,2
8020142,16,5
8020142,17,3
8020142,19,3
8020142,20,4
8020142,21,3
8020142,22,3
8020142,23,3
8020142,24,4
8020142,25,4
8020142,26,1
8020142,27,2
8020142,28,4
8020142,29,1
8020142,30,2
8020142,33,3
8020142,40,1
8020142,43,2
8020142,45,4
8020142,52,1
8020142,56,2
8020142,60,2
8020142,63,3
8020142,68,1
8020142,70,1
8020142,77,4
8020145,1,6.4
8020145,2,6.4
8020145,3,5.8
8020145,5,5.5
8020145,6,4.9
8020145,7,7
8020145,8,7
8020145,9,6.6
8020145,10,6.85
8020145,11,5.9
8020145,12,7.6
8020145,13,6.7
8020145,14,6.35
8020145,15,8
8020145,16,7.5
8020145,19,6.5
8020145,20,7.5
8020145,21,4.2
8020145,22,7.9
8020145,23,6.6
8020145,24,7.8
8020145,25,7.8
8020145,26,7.2
8020145,33,9
8020145,77,8.6
8020149,1,3
8020149,2,3
8020149,3,3
8020149,4,3
8020149,5,2
8020149,6,4
8020149,7,3
8020149,8,2
8020149,9,3
8020149,10,3
8020149,11,2
8020149,12,3
8020149,13,4
8020149,14,3
8020149,15,4
8020149,16,3
8020149,17,3
8020149,19,3
8020149,20,3
8020149,21,3
8020149,22,2
8020149,23,2
8020149,24,3
8020149,25,2
8020149,26,3
8020149,27,3
8020149,28,3
8020149,29,5
8020149,30,3
8020149,33,2
8020149,43,3
8020149,52,4
8020149,53,3
8020149,58,3
8020149,61,2
8020149,63,5
8020149,68,3
8020149,70,1
8020149,77,4
8020170,1,3
8020170,2,3
8020170,3,3
8020170,4,1
8020170,5,3
8020170,6,4
8020170,7,4
8020170,8,3
8020170,9,4
8020170,10,3
8020170,11,1
8020170,12,3
8020170,13,4
8020170,14,3
8020170,15,4
8020170,16,4
8020170,17,4
8020170,19,2
8020170,20,3
8020170,21,4
8020170,22,3
8020170,23,2
8020170,24,4
8020170,25,2
8020170,26,3
8020170,27,3
8020170,28,3
8020170,29,4
8020170,30,2
8020170,33,2
8020170,40,3
8020170,43,3
8020170,45,3
8020170,52,4
8020170,53,2
8020170,61,1
8020170,63,4
8020170,68,1
8020170,70,1
8020170,77,2
8020171,1,2
8020171,2,2
8020171,3,3
8020171,4,3
8020171,5,1
8020171,6,3
8020171,7,3
8020171,8,3
8020171,9,3
8020171,10,3
8020171,11,3
8020171,12,3
8020171,13,4
8020171,14,5
8020171,15,2
8020171,16,3
8020171,17,4
8020171,19,4
8020171,20,3
8020171,21,2
8020171,22,5
8020171,23,2
8020171,24,2
8020171,25,2
8020171,26,4
8020171,27,3
8020171,28,2
8020171,29,4
8020171,30,2
8020171,33,2
8020171,40,2
8020171,45,2
8020171,51,1
8020171,52,3
8020171,62,2
8020171,63,2
8020171,67,1
8020171,70,2
8020171,77,1
8020171,78,2
6020157,1,3
6020157,2,3
6020157,3,4
6020157,4,5
6020157,9,3
6020157,11,3
6020157,12,1
6020157,14,4
6020157,15,3
6020157,16,4
6020157,17,2
6020157,19,4
6020157,20,4
6020157,21,4
6020157,22,5
6020157,23,4
6020157,24,3
6020157,25,1
6020157,26,4
6020157,27,5
6020157,28,1
6020157,29,4
6020157,30,5
6020157,33,2
6020157,43,5
6020157,45,4
6020157,49,5
6020157,51,5
6020157,52,5
6020157,53,5
6020157,54,5
6020157,60,5
6020157,63,5
6020157,68,3
6020157,70,2
6020157,77,5
8020203,1,3
8020203,2,3
8020203,3,3
8020203,4,2
8020203,5,2
8020203,6,1
8020203,7,2
8020203,8,2
8020203,9,2
8020203,10,2
8020203,11,3
8020203,12,2
8020203,13,4
8020203,14,4
8020203,15,4
8020203,16,5
8020203,17,3
8020203,19,4
8020203,20,3
8020203,21,4
8020203,22,2
8020203,23,3
8020203,24,3
8020203,25,4
8020203,26,3
8020203,27,3
8020203,28,4
8020203,29,4
8020203,30,3
8020203,33,4
8020203,43,3
8020203,45,4
8020203,52,2
8020203,53,5
8020203,56,3
8020203,58,2
8020203,60,3
8020203,63,5
8020203,68,2
8020203,70,1
8020203,77,3
8020212,1,4
8020212,2,4
8020212,3,3
8020212,4,3
8020212,5,2
8020212,6,1
8020212,7,4
8020212,8,4
8020212,9,4
8020212,10,4
8020212,11,3
8020212,12,3
8020212,13,3
8020212,14,4
8020212,15,4
8020212,16,4
8020212,17,4
8020212,19,3
8020212,20,3
8020212,21,4
8020212,22,2
8020212,23,2
8020212,24,4
8020212,25,2
8020212,26,4
8020212,27,3
8020212,28,3
8020212,29,4
8020212,30,3
8020212,33,2
8020212,40,4
8020212,45,3
8020212,51,1
8020212,52,4
8020212,56,5
8020212,58,2
8020212,61,1
8020212,63,4
8020212,68,2
8020212,70,1
8020212,77,3
8020222,1,3
8020222,2,3
8020222,3,3
8020222,4,3
8020222,5,2
8020222,6,3
8020222,7,2
8020222,8,2
8020222,9,3
8020222,10,3
8020222,11,3
8020222,12,1
8020222,13,4
8020222,14,5
8020222,15,4
8020222,16,4
8020222,17,4
8020222,19,4
8020222,20,5
8020222,21,4
8020222,22,4
8020222,23,2
8020222,24,4
8020222,25,3
8020222,26,4
8020222,27,4
8020222,28,3
8020222,29,1
8020222,30,3
8020222,33,3
8020222,43,2
8020222,45,4
8020222,48,2
8020222,49,3
8020222,52,1
8020222,63,3
8020222,67,2
8020222,70,1
8020222,77,4
8020228,1,3
8020228,2,3
8020228,3,2
8020228,4,2
8020228,5,2
8020228,6,4
8020228,7,3
8020228,8,4
8020228,9,4
8020228,10,4
8020228,11,2
8020228,12,2
8020228,13,2
8020228,14,4
8020228,15,4
8020228,16,4
8020228,17,3
8020228,19,4
8020228,20,3
8020228,21,3
8020228,22,2
8020228,23,3
8020228,24,2
8020228,25,2
8020228,26,4
8020228,27,3
8020228,28,2
8020228,29,3
8020228,30,2
8020228,33,1
8020228,45,2
8020228,48,1
8020228,49,2
8020228,52,4
8020228,53,2
8020228,63,4
8020228,67,1
8020228,70,2
8020228,77,2
8020229,1,3
8020229,2,3
8020229,3,1
8020229,4,2
8020229,5,2
8020229,6,2
8020229,7,3
8020229,8,3
8020229,9,3
8020229,10,2
8020229,11,1
8020229,12,1
8020229,13,1
8020229,14,3
8020229,15,2
8020229,16,2
8020229,17,2
8020229,19,1
8020229,20,2
8020229,21,3
8020229,22,2
8020229,23,2
8020229,24,1
8020229,25,2
8020229,26,2
8020229,27,2
8020229,28,2
8020229,29,2
8020229,30,2
8020229,33,2
8020229,40,2
8020229,45,3
8020229,49,2
8020229,52,4
8020229,53,2
8020229,63,3
8020229,67,1
8020229,70,1
8020229,77,1
8020232,1,3
8020232,2,3
8020232,3,2
8020232,4,3
8020232,5,2
8020232,6,1
8020232,7,1
8020232,8,3
8020232,9,2
8020232,10,3
8020232,11,3
8020232,12,3
8020232,13,4
8020232,14,3
8020232,15,4
8020232,16,3
8020232,17,3
8020232,19,3
8020232,20,2
8020232,21,4
8020232,22,2
8020232,23,3
8020232,24,3
8020232,25,3
8020232,26,2
8020232,27,4
8020232,28,1
8020232,29,2
8020232,30,1
8020232,33,3
8020232,49,2
8020232,52,2
8020232,53,3
8020232,56,1
8020232,58,3
8020232,63,3
8020232,67,1
8020232,70,1
8020232,77,4
7020248,1,5
7020248,2,5
7020248,4,3
7020248,9,3
7020248,10,3
7020248,14,3
7020248,15,4
7020248,16,3
7020248,17,4
7020248,19,3
7020248,20,3
7020248,21,4
7020248,22,5
7020248,23,3
7020248,24,3
7020248,25,4
7020248,26,4
7020248,28,3
7020248,29,5
7020248,30,4
7020248,33,4
7020248,52,5
7020248,53,5
7020248,56,5
7020248,58,4
7020248,62,5
7020248,63,5
7020248,68,5
7020248,70,2
7020248,76,5
7020248,77,3
8020239,1,3
8020239,2,3
8020239,3,2
8020239,4,2
8020239,5,2
8020239,6,1
8020239,7,1
8020239,8,2
8020239,9,3
8020239,10,3
8020239,11,2
8020239,12,2
8020239,13,2
8020239,14,3
8020239,15,2
8020239,16,2
8020239,17,3
8020239,19,3
8020239,20,2
8020239,21,3
8020239,22,4
8020239,23,2
8020239,24,3
8020239,25,2
8020239,26,2
8020239,27,4
8020239,28,2
8020239,29,5
8020239,30,1
8020239,33,3
8020239,48,3
8020239,49,4
8020239,51,1
8020239,52,2
8020239,63,2
8020239,67,2
8020239,70,2
8020239,77,2
8020239,78,2
8020241,1,3
8020241,2,3
8020241,3,3
8020241,4,3
8020241,5,1
8020241,6,4
8020241,7,4
8020241,8,3
8020241,9,4
8020241,10,3
8020241,11,2
8020241,12,2
8020241,13,3
8020241,14,4
8020241,15,4
8020241,16,4
8020241,17,4
8020241,19,4
8020241,20,3
8020241,21,4
8020241,22,3
8020241,23,4
8020241,24,3
8020241,25,2
8020241,26,3
8020241,27,3
8020241,28,3
8020241,29,1
8020241,30,4
8020241,33,4
8020241,48,3
8020241,49,4
8020241,52,4
8020241,53,3
8020241,60,3
8020241,63,3
8020241,68,2
8020241,70,1
8020241,77,3
8020241,78,1
7020265,1,3
7020265,2,3
7020265,3,5
7020265,4,5
7020265,6,5
7020265,8,3
7020265,9,3
7020265,14,4
7020265,15,3
7020265,16,5
7020265,17,3
7020265,19,4
7020265,20,5
7020265,21,3
7020265,22,3
7020265,23,5
7020265,24,4
7020265,25,4
7020265,26,5
7020265,27,4
7020265,28,5
7020265,29,5
7020265,30,5
7020265,33,3
7020265,63,5
7020265,68,5
7020265,70,5
7020265,77,4
8020488,1,6.7
8020488,2,6.7
8020488,5,6.7
8020488,6,4
8020488,8,6.1
8020488,10,6.25
8020488,11,5.5
8020488,12,7
8020488,13,7
8020251,1,3
8020251,2,3
8020251,3,3
8020251,4,3
8020251,5,1
8020251,6,3
8020251,7,3
8020251,8,3
8020251,9,4
8020251,10,3
8020251,11,3
8020251,12,3
8020251,13,3
8020251,14,4
8020251,15,4
8020251,16,3
8020251,17,2
8020251,19,4
8020251,20,3
8020251,21,4
8020251,22,3
8020251,23,2
8020251,24,2
8020251,25,2
8020251,26,3
8020251,27,3
8020251,28,3
8020251,29,4
8020251,30,2
8020251,33,2
8020251,40,3
8020251,45,3
8020251,52,3
8020251,53,2
8020251,58,1
8020251,63,3
8020251,67,1
8020251,70,2
8020251,77,3
8020269,1,3
8020269,2,3
8020269,3,2
8020269,4,2
8020269,5,2
8020269,6,2
8020269,7,2
8020269,8,2
8020269,9,1
8020269,10,2
8020269,11,3
8020269,12,1
8020269,13,3
8020269,14,3
8020269,15,3
8020269,16,3
8020269,17,3
8020269,19,4
8020269,20,3
8020269,21,3
8020269,22,3
8020269,23,2
8020269,24,3
8020269,25,2
8020269,26,2
8020269,27,2
8020269,28,2
8020269,29,4
8020269,30,2
8020269,33,1
8020269,40,3
8020269,45,3
8020269,52,3
8020269,62,2
8020269,63,1
8020269,67,1
8020269,70,1
8020269,76,2
8020269,77,1
6020263,1,3
6020263,2,3
6020263,9,3
6020263,14,4
6020263,15,5
6020263,16,5
6020263,17,3
6020263,19,4
6020263,20,5
6020263,21,5
6020263,22,5
6020263,23,5
6020263,24,4
6020263,25,5
6020263,26,4
6020263,33,4
6020263,68,5
6020263,70,5
6020263,77,4
8020272,1,3
8020272,2,3
8020272,3,2
8020272,4,2
8020272,5,2
8020272,6,2
8020272,7,4
8020272,8,3
8020272,9,4
8020272,10,3
8020272,11,3
8020272,12,3
8020272,13,2
8020272,14,2
8020272,15,5
8020272,16,2
8020272,17,2
8020272,19,3
8020272,20,2
8020272,21,3
8020272,22,2
8020272,23,2
8020272,24,2
8020272,25,1
8020272,26,3
8020272,27,4
8020272,28,4
8020272,29,4
8020272,30,4
8020272,33,1
8020272,49,3
8020272,51,1
8020272,52,3
8020272,56,5
8020272,58,2
8020272,61,1
8020272,63,3
8020272,67,1
8020272,70,1
8020272,77,2
7020295,1,3
7020295,2,3
7020295,4,3
7020295,9,5
7020295,10,5
7020295,14,4
7020295,15,3
7020295,16,4
7020295,17,3
7020295,19,4
7020295,20,5
7020295,21,5
7020295,22,4
7020295,23,3
7020295,24,4
7020295,25,4
7020295,26,3
7020295,28,5
7020295,29,5
7020295,30,3
7020295,33,4
7020295,52,5
7020295,58,5
7020295,62,5
7020295,68,5
7020295,70,5
7020295,77,4
8020287,1,3
8020287,2,3
8020287,3,3
8020287,4,2
8020287,5,2
8020287,6,4
8020287,7,3
8020287,8,3
8020287,9,3
8020287,10,2
8020287,11,1
8020287,12,1
8020287,13,4
8020287,14,4
8020287,15,3
8020287,16,3
8020287,17,1
8020287,19,3
8020287,20,3
8020287,21,4
8020287,22,4
8020287,23,3
8020287,24,1
8020287,25,2
8020287,26,3
8020287,27,2
8020287,28,2
8020287,29,5
8020287,30,3
8020287,33,1
8020287,48,1
8020287,49,2
8020287,52,5
8020287,62,1
8020287,63,3
8020287,67,1
8020287,70,1
8020287,77,1
8020287,78,1
8020296,1,3
8020296,2,3
8020296,3,2
8020296,4,2
8020296,5,3
8020296,6,2
8020296,7,3
8020296,8,3
8020296,9,4
8020296,10,2
8020296,11,3
8020296,12,3
8020296,13,2
8020296,14,4
8020296,15,2
8020296,16,2
8020296,17,2
8020296,19,1
8020296,20,3
8020296,21,1
8020296,22,2
8020296,23,3
8020296,24,2
8020296,25,2
8020296,26,3
8020296,27,4
8020296,28,2
8020296,29,4
8020296,30,1
8020296,33,2
8020296,40,2
8020296,45,3
8020296,51,1
8020296,52,3
8020296,62,2
8020296,63,3
8020296,67,1
8020296,70,1
8020296,77,1
8020298,1,4
8020298,2,4
8020298,3,3
8020298,4,2
8020298,5,1
8020298,6,1
8020298,7,3
8020298,8,3
8020298,9,2
8020298,10,2
8020298,11,1
8020298,12,1
8020298,13,3
8020298,14,3
8020298,15,4
8020298,16,3
8020298,17,4
8020298,19,3
8020298,20,2
8020298,21,3
8020298,22,2
8020298,23,1
8020298,24,1
8020298,25,1
8020298,26,3
8020298,27,3
8020298,28,3
8020298,29,3
8020298,30,2
8020298,33,1
8020298,49,3
8020298,52,3
8020298,53,2
8020298,56,1
8020298,58,2
8020298,63,4
8020298,67,1
8020298,70,1
8020298,77,2
6020479,1,4
6020479,2,4
6020479,3,4
6020479,4,5
6020479,9,4
6020479,10,5
6020479,14,5
6020479,15,2
6020479,16,2
6020479,17,3
6020479,19,4
6020479,20,3
6020479,21,5
6020479,22,1
6020479,23,4
6020479,24,4
6020479,25,5
6020479,26,3
6020479,27,3
6020479,29,5
6020479,30,4
6020479,33,5
6020479,40,5
6020479,43,5
6020479,48,5
6020479,49,5
6020479,51,5
6020479,52,4
6020479,53,5
6020479,55,5
6020479,58,2
6020479,60,5
6020479,61,2
6020479,62,4
6020479,63,3
6020479,68,3
6020479,70,2
6020479,77,5
6020479,78,3
8020300,1,4
8020300,2,4
8020300,5,2
8020300,6,5
8020300,7,3
8020300,8,5
8020300,9,5
8020300,10,3
8020300,11,3
8020300,12,2
8020300,13,5
8020300,14,4
8020300,16,5
8020300,17,3
8020300,19,5
8020300,20,5
8020300,21,4
8020300,22,5
8020300,26,4
8020322,1,3
8020322,2,3
8020322,3,3
8020322,4,2
8020322,5,3
8020322,6,3
8020322,7,3
8020322,8,3
8020322,9,3
8020322,10,3
8020322,11,2
8020322,12,2
8020322,13,4
8020322,14,3
8020322,15,4
8020322,16,4
8020322,17,3
8020322,19,3
8020322,20,4
8020322,21,3
8020322,22,3
8020322,23,4
8020322,24,4
8020322,25,4
8020322,26,2
8020322,27,4
8020322,28,3
8020322,29,1
8020322,30,3
8020322,33,4
8020322,48,3
8020322,51,4
8020322,52,3
8020322,56,5
8020322,58,3
8020322,60,4
8020322,63,4
8020322,68,1
8020322,70,5
8020322,77,3
8020317,1,3
8020317,2,3
8020317,5,2
8020317,6,3
8020317,7,2
8020317,8,2
8020317,9,2
8020317,10,3
8020317,11,2
8020317,12,3
8020317,13,4
8020317,14,3
8020317,15,4
8020317,16,5
8020317,17,4
8020317,19,4
8020317,20,3
8020317,21,4
8020317,22,5
8020317,23,2
8020317,24,3
8020317,25,2
8020317,26,4
8020317,27,5
8020317,28,5
8020317,29,5
8020317,30,5
8020317,33,3
8020317,52,5
8020317,77,3
8020329,1,3
8020329,2,3
8020329,3,3
8020329,4,3
8020329,5,1
8020329,6,1
8020329,7,1
8020329,8,2
8020329,9,1
8020329,10,3
8020329,11,4
8020329,12,4
8020329,13,4
8020329,14,4
8020329,15,4
8020329,16,2
8020329,17,3
8020329,19,3
8020329,20,1
8020329,21,3
8020329,22,2
8020329,23,2
8020329,24,1
8020329,25,2
8020329,26,2
8020329,27,2
8020329,28,1
8020329,29,1
8020329,30,2
8020329,33,3
8020329,48,2
8020329,52,1
8020329,58,2
8020329,63,2
8020329,67,1
8020329,70,1
8020329,77,2
8020329,78,1
8020332,1,3
8020332,2,3
8020332,3,2
8020332,4,3
8020332,5,1
8020332,6,3
8020332,7,1
8020332,8,2
8020332,9,2
8020332,10,4
8020332,11,4
8020332,12,4
8020332,13,4
8020332,14,5
8020332,15,4
8020332,16,2
8020332,17,4
8020332,19,2
8020332,20,3
8020332,21,3
8020332,22,2
8020332,23,3
8020332,24,3
8020332,25,3
8020332,26,3
8020332,27,3
8020332,28,2
8020332,29,5
8020332,30,1
8020332,33,3
8020332,40,3
8020332,45,5
8020332,51,3
8020332,52,4
8020332,53,4
8020332,55,5
8020332,60,1
8020332,61,1
8020332,63,4
8020332,68,3
8020332,70,5
8020332,77,3
8020332,78,3
8020347,1,3
8020347,2,3
8020347,3,2
8020347,4,2
8020347,5,1
8020347,6,4
8020347,7,3
8020347,8,3
8020347,9,4
8020347,10,3
8020347,11,2
8020347,12,3
8020347,13,4
8020347,14,3
8020347,15,4
8020347,16,4
8020347,17,5
8020347,19,4
8020347,20,5
8020347,21,4
8020347,22,3
8020347,23,2
8020347,24,3
8020347,25,4
8020347,26,3
8020347,27,3
8020347,28,5
8020347,29,5
8020347,30,5
8020347,33,2
8020347,52,5
8020347,53,5
8020347,56,5
8020347,58,2
8020347,61,2
8020347,62,2
8020347,63,5
8020347,68,5
8020347,70,5
8020347,77,3
8020349,1,3
8020349,2,3
8020349,3,3
8020349,4,3
8020349,5,2
8020349,6,1
8020349,7,3
8020349,8,3
8020349,9,4
8020349,10,2
8020349,11,2
8020349,12,1
8020349,13,2
8020349,14,3
8020349,15,3
8020349,16,2
8020349,17,1
8020349,19,3
8020349,20,1
8020349,21,3
8020349,22,3
8020349,23,2
8020349,24,2
8020349,25,2
8020349,26,2
8020349,27,2
8020349,28,2
8020349,29,4
8020349,30,2
8020349,33,2
8020349,45,3
8020349,49,3
8020349,52,1
8020349,53,2
8020349,56,1
8020349,63,3
8020349,67,1
8020349,70,2
8020349,77,2
8020351,1,3
8020351,2,3
8020351,3,2
8020351,4,3
8020351,5,2
8020351,6,3
8020351,7,3
8020351,8,3
8020351,9,4
8020351,10,4
8020351,11,3
8020351,12,4
8020351,13,4
8020351,14,5
8020351,15,4
8020351,16,3
8020351,17,3
8020351,19,4
8020351,20,3
8020351,21,4
8020351,22,4
8020351,23,2
8020351,24,2
8020351,25,2
8020351,26,3
8020351,27,4
8020351,28,4
8020351,29,5
8020351,30,3
8020351,33,1
8020351,45,4
8020351,52,4
8020351,53,4
8020351,56,4
8020351,58,2
8020351,61,1
8020351,63,4
8020351,68,1
8020351,70,2
8020351,77,3
8020378,1,2
8020378,2,2
8020378,3,3
8020378,4,2
8020378,5,2
8020378,6,4
8020378,7,4
8020378,8,3
8020378,9,4
8020378,10,4
8020378,11,4
8020378,12,3
8020378,13,5
8020378,14,5
8020378,15,2
8020378,16,3
8020378,17,3
8020378,19,4
8020378,20,3
8020378,21,3
8020378,22,2
8020378,23,2
8020378,24,3
8020378,25,2
8020378,26,4
8020378,27,3
8020378,28,4
8020378,29,5
8020378,30,2
8020378,33,2
8020378,48,5
8020378,49,5
8020378,52,3
8020378,53,3
8020378,54,5
8020378,56,5
8020378,58,5
8020378,61,2
8020378,62,2
8020378,63,3
8020378,64,4
8020378,68,3
8020378,70,5
8020378,76,5
8020378,77,4
8020378,78,4
8020380,1,3
8020380,2,3
8020380,3,3
8020380,4,3
8020380,5,3
8020380,6,3
8020380,7,3
8020380,8,3
8020380,9,4
8020380,10,1
8020380,11,3
8020380,12,3
8020380,13,2
8020380,14,3
8020380,15,4
8020380,16,2
8020380,17,2
8020380,19,4
8020380,20,2
8020380,21,4
8020380,22,2
8020380,23,2
8020380,24,4
8020380,25,3
8020380,26,3
8020380,27,4
8020380,28,3
8020380,29,3
8020380,30,3
8020380,33,2
8020380,43,3
8020380,52,4
8020380,53,4
8020380,58,2
8020380,63,3
8020380,67,1
8020380,70,1
8020380,77,3
8020380,78,2
8020383,1,6.9
8020383,2,6.9
8020383,5,6.7
8020383,7,5.7
8020383,8,6
8020383,10,8.05
8020383,11,6.1
8020383,12,7.2
8020383,13,9.5
8020385,1,3
8020385,2,3
8020385,3,2
8020385,4,2
8020385,5,2
8020385,6,4
8020385,7,2
8020385,8,2
8020385,9,3
8020385,10,3
8020385,11,3
8020385,12,3
8020385,13,4
8020385,14,3
8020385,15,2
8020385,16,4
8020385,17,4
8020385,19,3
8020385,20,4
8020385,21,4
8020385,22,4
8020385,23,3
8020385,24,4
8020385,25,1
8020385,26,3
8020385,27,1
8020385,28,3
8020385,29,1
8020385,30,3
8020385,33,2
8020385,49,4
8020385,52,4
8020385,53,5
8020385,58,4
8020385,60,3
8020385,63,2
8020385,64,4
8020385,68,2
8020385,70,3
8020385,77,4
8020388,1,2
8020388,2,2
8020388,3,3
8020388,4,3
8020388,5,2
8020388,6,1
8020388,7,3
8020388,8,3
8020388,9,4
8020388,10,3
8020388,11,4
8020388,12,4
8020388,13,4
8020388,14,3
8020388,15,3
8020388,16,3
8020388,17,4
8020388,19,1
8020388,20,2
8020388,21,4
8020388,22,1
8020388,23,3
8020388,24,3
8020388,25,2
8020388,26,3
8020388,27,4
8020388,28,4
8020388,29,5
8020388,30,2
8020388,33,3
8020388,40,3
8020388,43,5
8020388,45,5
8020388,49,4
8020388,51,3
8020388,52,4
8020388,56,5
8020388,60,1
8020388,63,3
8020388,67,1
8020388,70,1
8020388,77,4
8020388,78,2
7020389,1,3
7020389,2,3
7020389,3,5
7020389,9,4
7020389,14,3
7020389,15,5
7020389,16,5
7020389,17,2
7020389,19,4
7020389,20,3
7020389,21,4
7020389,22,5
7020389,23,4
7020389,24,4
7020389,25,4
7020389,26,5
7020389,27,5
7020389,28,4
7020389,29,5
7020389,30,5
7020389,33,3
7020389,48,5
7020389,49,5
7020389,52,5
7020389,53,5
7020389,56,5
7020389,58,4
7020389,60,5
7020389,63,5
7020389,68,5
7020389,70,5
7020389,77,3
8020395,1,3
8020395,2,3
8020395,3,3
8020395,4,3
8020395,5,2
8020395,6,4
8020395,7,3
8020395,8,3
8020395,9,4
8020395,10,2
8020395,11,2
8020395,12,2
8020395,13,4
8020395,14,4
8020395,15,2
8020395,16,3
8020395,17,4
8020395,19,4
8020395,20,4
8020395,21,3
8020395,22,3
8020395,23,4
8020395,24,3
8020395,25,2
8020395,26,4
8020395,27,4
8020395,28,3
8020395,29,1
8020395,30,3
8020395,33,2
8020395,40,3
8020395,45,4
8020395,49,3
8020395,52,3
8020395,61,1
8020395,62,3
8020395,63,4
8020395,68,2
8020395,70,2
8020395,77,2
8020401,1,3
8020401,2,3
8020401,3,3
8020401,4,4
8020401,5,2
8020401,6,1
8020401,7,3
8020401,8,3
8020401,9,4
8020401,10,3
8020401,11,2
8020401,12,1
8020401,13,3
8020401,14,4
8020401,15,2
8020401,16,2
8020401,17,4
8020401,19,3
8020401,20,1
8020401,21,4
8020401,22,2
8020401,23,1
8020401,24,2
8020401,25,2
8020401,26,1
8020401,27,3
8020401,28,3
8020401,29,5
8020401,30,2
8020401,33,2
8020401,49,3
8020401,52,5
8020401,53,3
8020401,56,4
8020401,58,1
8020401,63,4
8020401,67,1
8020401,70,1
8020401,77,3
8020407,1,3
8020407,2,3
8020407,3,2
8020407,4,3
8020407,5,2
8020407,6,1
8020407,7,2
8020407,8,1
8020407,9,2
8020407,10,5
8020407,11,2
8020407,12,2
8020407,13,3
8020407,14,5
8020407,15,3
8020407,16,3
8020407,17,3
8020407,19,2
8020407,20,2
8020407,21,4
8020407,22,4
8020407,23,3
8020407,24,4
8020407,25,4
8020407,26,2
8020407,27,2
8020407,28,4
8020407,29,2
8020407,30,3
8020407,33,4
8020407,45,3
8020407,52,1
8020407,55,3
8020407,56,5
8020407,61,1
8020407,62,3
8020407,63,3
8020407,68,1
8020407,70,4
8020407,76,4
8020407,77,4
8020422,1,3
8020422,2,3
8020422,3,2
8020422,4,3
8020422,5,3
8020422,6,2
8020422,7,3
8020422,8,4
8020422,9,4
8020422,10,3
8020422,11,2
8020422,12,3
8020422,13,2
8020422,14,5
8020422,15,3
8020422,16,2
8020422,17,4
8020422,19,2
8020422,20,5
8020422,21,4
8020422,22,1
8020422,23,1
8020422,24,2
8020422,25,2
8020422,26,2
8020422,27,3
8020422,28,3
8020422,29,3
8020422,30,2
8020422,33,2
8020422,48,3
8020422,49,3
8020422,52,4
8020422,53,2
8020422,63,3
8020422,67,2
8020422,70,1
8020422,77,1
8020422,78,2
8020423,1,3
8020423,2,3
8020423,3,2
8020423,4,2
8020423,5,2
8020423,6,2
8020423,7,4
8020423,8,3
8020423,9,4
8020423,10,3
8020423,11,3
8020423,12,2
8020423,13,3
8020423,14,4
8020423,15,2
8020423,16,3
8020423,17,3
8020423,19,3
8020423,20,2
8020423,21,3
8020423,22,2
8020423,23,2
8020423,24,1
8020423,25,2
8020423,26,3
8020423,27,2
8020423,28,2
8020423,29,3
8020423,30,3
8020423,33,1
8020423,40,3
8020423,45,3
8020423,49,3
8020423,52,3
8020423,53,2
8020423,63,4
8020423,67,1
8020423,70,1
8020423,77,2
8020429,1,4
8020429,2,4
8020429,5,3
8020429,6,3
8020429,7,4
8020429,8,4
8020429,9,5
8020429,10,3
8020429,11,5
8020429,12,3
8020429,13,5
8020429,14,5
8020429,16,5
8020429,17,5
8020429,19,5
8020429,20,5
8020429,21,4
8020429,22,5
8020429,26,5
8020429,27,5
8020462,1,5.7
8020462,2,5.7
8020462,5,8.5
8020462,6,6.9
8020462,7,6
8020462,8,6.2
8020462,10,7.05
8020462,11,6.6
8020462,12,8.4
8020462,13,6.3
8020432,1,2
8020432,2,2
8020432,3,2
8020432,4,2
8020432,5,2
8020432,6,1
8020432,7,3
8020432,8,3
8020432,9,4
8020432,10,1
8020432,11,1
8020432,12,1
8020432,13,1
8020432,14,2
8020432,15,1
8020432,16,2
8020432,17,2
8020432,19,3
8020432,20,2
8020432,21,3
8020432,22,2
8020432,23,2
8020432,24,2
8020432,25,1
8020432,26,2
8020432,27,1
8020432,28,2
8020432,29,1
8020432,30,1
8020432,33,1
8020432,40,1
8020432,45,4
8020432,52,3
8020432,53,4
8020432,58,2
8020432,63,4
8020432,67,1
8020432,70,1
8020432,77,1
7020458,1,3
7020458,2,3
7020458,3,3
7020458,4,3
7020458,9,3
7020458,13,3
7020458,14,3
7020458,15,4
7020458,16,4
7020458,17,1
7020458,19,1
7020458,20,4
7020458,21,4
7020458,22,4
7020458,23,2
7020458,24,2
7020458,25,2
7020458,26,2
7020458,27,2
7020458,28,4
7020458,29,5
7020458,30,3
7020458,33,2
7020458,49,2
7020458,52,4
7020458,58,3
7020458,62,2
7020458,63,3
7020458,67,1
7020458,70,1
7020458,77,3
7020458,78,2
8020447,1,3
8020447,2,3
8020447,3,3
8020447,4,3
8020447,5,2
8020447,6,3
8020447,7,2
8020447,8,3
8020447,9,2
8020447,10,2
8020447,11,2
8020447,12,3
8020447,13,3
8020447,14,2
8020447,15,3
8020447,16,3
8020447,17,4
8020447,19,3
8020447,20,3
8020447,21,4
8020447,22,3
8020447,23,2
8020447,24,1
8020447,25,2
8020447,26,2
8020447,27,3
8020447,28,3
8020447,29,5
8020447,30,2
8020447,33,1
8020447,49,2
8020447,52,3
8020447,53,3
8020447,56,5
8020447,58,1
8020447,61,1
8020447,63,4
8020447,67,2
8020447,70,1
8020447,77,2
8020448,1,3
8020448,2,3
8020448,3,2
8020448,4,3
8020448,5,3
8020448,6,1
8020448,7,3
8020448,8,3
8020448,9,2
8020448,10,2
8020448,11,3
8020448,12,2
8020448,13,3
8020448,14,3
8020448,15,3
8020448,16,2
8020448,17,3
8020448,19,3
8020448,20,2
8020448,21,4
8020448,22,4
8020448,23,3
8020448,24,1
8020448,25,3
8020448,26,2
8020448,27,2
8020448,28,3
8020448,29,1
8020448,30,2
8020448,33,1
8020448,49,2
8020448,52,3
8020448,53,3
8020448,58,2
8020448,63,4
8020448,67,1
8020448,70,1
8020448,77,1
8020448,78,2
8020438,1,4
8020438,2,4
8020438,3,3
8020438,4,4
8020438,5,2
8020438,6,3
8020438,7,3
8020438,8,4
8020438,9,3
8020438,10,2
8020438,11,2
8020438,12,1
8020438,13,3
8020438,14,4
8020438,15,3
8020438,16,3
8020438,17,2
8020438,19,2
8020438,20,3
8020438,21,4
8020438,22,3
8020438,23,3
8020438,24,2
8020438,25,3
8020438,26,4
8020438,27,2
8020438,28,3
8020438,29,4
8020438,30,2
8020438,33,3
8020438,40,1
8020438,48,3
8020438,49,3
8020438,52,5
8020438,61,1
8020438,63,3
8020438,67,5
8020438,68,2
8020438,70,1
8020438,77,2
8020438,78,2
7020480,1,2
7020480,2,2
7020480,4,3
7020480,9,3
7020480,14,3
7020480,15,4
7020480,16,5
7020480,17,2
7020480,19,3
7020480,20,5
7020480,21,4
7020480,22,5
7020480,23,5
7020480,24,4
7020480,25,3
7020480,26,4
7020480,27,5
7020480,28,5
7020480,29,5
7020480,30,5
7020480,33,3
7020480,52,5
7020480,77,3
8020469,1,3
8020469,2,3
8020469,3,3
8020469,4,3
8020469,5,1
8020469,6,1
8020469,7,4
8020469,8,3
8020469,9,4
8020469,10,3
8020469,11,1
8020469,12,1
8020469,13,3
8020469,14,3
8020469,15,3
8020469,16,2
8020469,17,2
8020469,19,4
8020469,20,2
8020469,21,3
8020469,22,3
8020469,23,2
8020469,24,2
8020469,25,3
8020469,26,3
8020469,27,2
8020469,28,4
8020469,29,1
8020469,30,2
8020469,33,1
8020469,49,3
8020469,52,3
8020469,53,3
8020469,56,2
8020469,58,2
8020469,63,3
8020469,67,1
8020469,70,1
8020469,77,2
6020001,1,3
6020001,2,3
6020001,3,3
6020001,4,2
6020001,5,3
6020001,6,4
6020001,7,3
6020001,8,4
6020001,9,4
6020001,10,3
6020001,11,3
6020001,12,4
6020001,13,4
6020001,14,3
6020001,15,4
6020001,16,4
6020001,17,3
6020001,19,3
6020001,20,3
6020001,21,4
6020001,22,3
6020001,23,3
6020001,24,3
6020001,25,2
6020001,26,4
6020001,28,3
6020001,29,3
6020001,43,3
6020001,45,2
6020001,52,2
6020001,60,2
6020001,62,2
6020001,63,4
6020001,68,1
6020001,69,3
6020001,71,2
6020001,73,1
6020001,74,2
6020001,77,2
7020014,1,2
7020014,2,2
7020014,3,2
7020014,4,2
7020014,5,3
7020014,6,3
7020014,7,3
7020014,8,3
7020014,9,3
7020014,10,2
7020014,11,4
7020014,12,4
7020014,13,4
7020014,14,3
7020014,15,4
7020014,16,3
7020014,17,2
7020014,19,3
7020014,20,3
7020014,21,4
7020014,22,4
7020014,23,4
7020014,24,2
7020014,25,4
7020014,26,4
7020014,29,1
7020014,49,1
7020014,52,4
7020014,60,2
7020014,62,3
7020014,63,2
7020014,68,2
7020014,69,3
7020014,71,3
7020014,73,2
7020014,74,2
7020014,77,3
7020014,78,3
6020013,1,2
6020013,2,2
6020013,3,2
6020013,4,2
6020013,5,2
6020013,6,2
6020013,7,2
6020013,8,3
6020013,9,4
6020013,10,3
6020013,11,4
6020013,12,3
6020013,13,3
6020013,14,2
6020013,15,4
6020013,16,2
6020013,17,3
6020013,19,4
6020013,20,4
6020013,21,4
6020013,22,4
6020013,23,4
6020013,24,3
6020013,25,4
6020013,26,4
6020013,28,4
6020013,29,3
6020013,43,3
6020013,45,1
6020013,52,4
6020013,60,2
6020013,62,1
6020013,63,3
6020013,68,4
6020013,69,2
6020013,71,4
6020013,73,2
6020013,74,2
6020013,77,3
7020027,1,3
7020027,2,3
7020027,3,2
7020027,4,2
7020027,5,1
7020027,6,3
7020027,7,2
7020027,8,2
7020027,9,3
7020027,10,2
7020027,11,4
7020027,12,4
7020027,13,4
7020027,14,4
7020027,15,4
7020027,16,2
7020027,17,3
7020027,19,3
7020027,20,4
7020027,21,4
7020027,22,2
7020027,23,2
7020027,24,4
7020027,25,2
7020027,26,1
7020027,29,1
7020027,49,2
7020027,52,2
7020027,53,3
7020027,62,2
7020027,63,2
7020027,67,1
7020027,69,2
7020027,71,2
7020027,73,3
7020027,74,2
7020027,77,3
7020027,78,2
6020017,1,4
6020017,2,4
6020017,3,2
6020017,4,3
6020017,5,4
6020017,6,3
6020017,7,2
6020017,8,4
6020017,9,4
6020017,10,3
6020017,11,4
6020017,12,4
6020017,13,3
6020017,14,3
6020017,15,4
6020017,16,3
6020017,17,3
6020017,19,3
6020017,20,3
6020017,21,4
6020017,22,4
6020017,23,3
6020017,24,4
6020017,25,3
6020017,26,3
6020017,28,4
6020017,29,1
6020017,43,4
6020017,45,3
6020017,52,4
6020017,60,2
6020017,62,4
6020017,63,4
6020017,68,1
6020017,69,4
6020017,71,3
6020017,73,4
6020017,74,3
6020017,77,3
7020035,1,3
7020035,2,3
7020035,3,4
7020035,4,3
7020035,5,2
7020035,6,2
7020035,7,3
7020035,8,3
7020035,9,4
7020035,10,1
7020035,11,2
7020035,12,3
7020035,13,4
7020035,14,4
7020035,15,4
7020035,16,2
7020035,17,3
7020035,19,3
7020035,20,4
7020035,21,4
7020035,22,4
7020035,23,4
7020035,24,4
7020035,25,4
7020035,26,4
7020035,28,4
7020035,29,2
7020035,43,4
7020035,45,4
7020035,52,4
7020035,60,3
7020035,62,1
7020035,63,4
7020035,68,2
7020035,69,3
7020035,71,2
7020035,73,4
7020035,74,3
7020035,77,4
7020039,1,2
7020039,2,2
7020039,3,2
7020039,4,3
7020039,5,3
7020039,6,3
7020039,7,4
7020039,8,4
7020039,9,4
7020039,10,4
7020039,11,4
7020039,12,4
7020039,13,4
7020039,14,3
7020039,15,4
7020039,16,3
7020039,17,4
7020039,19,3
7020039,20,1
7020039,21,3
7020039,22,3
7020039,23,3
7020039,24,4
7020039,25,3
7020039,26,3
7020039,29,1
7020039,52,3
7020039,53,3
7020039,56,4
7020039,58,3
7020039,60,2
7020039,62,2
7020039,63,4
7020039,68,1
7020039,69,3
7020039,71,3
7020039,73,4
7020039,74,2
7020039,77,3
7020045,1,2
7020045,2,2
7020045,3,2
7020045,4,3
7020045,5,1
7020045,6,4
7020045,7,3
7020045,8,3
7020045,9,3
7020045,10,4
7020045,11,4
7020045,12,4
7020045,13,4
7020045,14,3
7020045,15,4
7020045,16,4
7020045,17,2
7020045,19,3
7020045,20,4
7020045,21,4
7020045,22,4
7020045,23,2
7020045,24,3
7020045,25,3
7020045,26,4
7020045,29,4
7020045,52,5
7020045,53,3
7020045,56,4
7020045,58,4
7020045,60,2
7020045,62,3
7020045,63,4
7020045,68,1
7020045,69,3
7020045,71,4
7020045,73,4
7020045,74,2
7020045,77,3
6020033,1,2
6020033,2,2
6020033,3,3
6020033,4,3
6020033,5,3
6020033,6,2
6020033,7,2
6020033,8,4
6020033,9,4
6020033,10,2
6020033,11,4
6020033,12,2
6020033,13,4
6020033,14,4
6020033,15,4
6020033,16,4
6020033,17,3
6020033,20,3
6020033,21,4
6020033,22,4
6020033,23,4
6020033,24,3
6020033,25,3
6020033,26,4
6020033,28,5
6020033,29,5
6020033,43,5
6020033,45,2
6020033,52,4
6020033,54,1
6020033,60,3
6020033,62,4
6020033,63,5
6020033,68,3
6020033,69,3
6020033,71,3
6020033,73,3
6020033,74,3
6020033,77,2
7020061,1,3
7020061,2,3
7020061,3,2
7020061,4,4
7020061,5,3
7020061,6,3
7020061,7,4
7020061,8,4
7020061,9,4
7020061,10,3
7020061,11,3
7020061,12,4
7020061,13,3
7020061,14,3
7020061,15,4
7020061,16,3
7020061,17,2
7020061,19,4
7020061,20,3
7020061,21,4
7020061,22,3
7020061,23,4
7020061,24,3
7020061,25,3
7020061,26,2
7020061,28,4
7020061,29,2
7020061,43,4
7020061,45,2
7020061,52,4
7020061,60,3
7020061,62,3
7020061,63,3
7020061,68,1
7020061,69,3
7020061,71,2
7020061,73,3
7020061,74,2
7020061,77,2
7020065,1,2
7020065,2,2
7020065,3,1
7020065,4,3
7020065,5,3
7020065,6,3
7020065,7,3
7020065,8,3
7020065,9,3
7020065,10,2
7020065,11,4
7020065,12,4
7020065,13,4
7020065,14,3
7020065,15,4
7020065,16,1
7020065,17,2
7020065,19,2
7020065,20,2
7020065,21,4
7020065,22,3
7020065,23,3
7020065,24,3
7020065,25,1
7020065,26,1
7020065,28,4
7020065,29,4
7020065,43,3
7020065,45,3
7020065,52,4
7020065,62,3
7020065,63,3
7020065,67,1
7020065,69,2
7020065,71,3
7020065,73,2
7020065,74,1
7020065,77,1
6020060,1,4
6020060,2,4
6020060,3,2
6020060,4,2
6020060,5,2
6020060,6,4
6020060,7,3
6020060,8,4
6020060,9,3
6020060,10,3
6020060,11,2
6020060,12,3
6020060,13,3
6020060,14,2
6020060,15,3
6020060,16,3
6020060,17,2
6020060,19,2
6020060,20,1
6020060,21,4
6020060,22,3
6020060,23,4
6020060,24,4
6020060,25,2
6020060,26,3
6020060,29,3
6020060,52,4
6020060,60,2
6020060,62,2
6020060,63,3
6020060,64,3
6020060,68,2
6020060,69,2
6020060,70,3
6020060,71,1
6020060,73,1
6020060,74,2
6020060,76,3
6020060,77,1
7020074,1,2
7020074,2,2
7020074,3,2
7020074,4,3
7020074,5,3
7020074,6,4
7020074,7,4
7020074,8,4
7020074,9,4
7020074,10,2
7020074,11,4
7020074,12,4
7020074,13,4
7020074,14,3
7020074,15,4
7020074,16,4
7020074,17,4
7020074,19,4
7020074,20,4
7020074,21,4
7020074,22,2
7020074,23,4
7020074,24,3
7020074,25,3
7020074,26,4
7020074,28,3
7020074,29,1
7020074,43,2
7020074,45,4
7020074,52,4
7020074,60,2
7020074,62,3
7020074,63,3
7020074,68,1
7020074,69,2
7020074,71,3
7020074,73,3
7020074,74,2
7020074,77,3
7020067,1,2
7020067,2,2
7020067,3,2
7020067,4,2
7020067,5,2
7020067,6,3
7020067,7,2
7020067,8,2
7020067,9,3
7020067,10,3
7020067,11,4
7020067,12,4
7020067,13,3
7020067,14,3
7020067,15,3
7020067,16,3
7020067,17,3
7020067,19,3
7020067,20,4
7020067,21,4
7020067,22,3
7020067,23,4
7020067,24,3
7020067,25,3
7020067,26,4
7020067,29,3
7020067,49,4
7020067,52,4
7020067,60,3
7020067,62,4
7020067,63,3
7020067,68,2
7020067,69,2
7020067,70,2
7020067,71,4
7020067,73,3
7020067,74,3
7020067,77,2
7020067,78,2
7020068,1,3
7020068,2,3
7020068,3,2
7020068,4,2
7020068,5,3
7020068,6,3
7020068,7,2
7020068,8,3
7020068,9,2
7020068,10,3
7020068,11,4
7020068,12,3
7020068,13,3
7020068,14,4
7020068,15,4
7020068,16,3
7020068,17,4
7020068,19,3
7020068,20,3
7020068,21,4
7020068,22,3
7020068,23,2
7020068,24,2
7020068,25,2
7020068,26,4
7020068,29,2
7020068,52,4
7020068,60,1
7020068,62,3
7020068,63,3
7020068,64,4
7020068,68,2
7020068,69,2
7020068,70,4
7020068,71,3
7020068,73,3
7020068,74,1
7020068,76,2
7020068,77,2
7020083,1,2
7020083,2,2
7020083,3,2
7020083,4,3
7020083,5,1
7020083,6,2
7020083,7,3
7020083,8,3
7020083,9,2
7020083,10,3
7020083,11,3
7020083,12,4
7020083,13,4
7020083,14,3
7020083,15,4
7020083,16,3
7020083,17,3
7020083,19,3
7020083,20,2
7020083,21,5
7020083,22,4
7020083,23,3
7020083,24,3
7020083,25,3
7020083,26,3
7020083,29,1
7020083,49,2
7020083,52,3
7020083,62,2
7020083,63,2
7020083,67,1
7020083,69,2
7020083,71,2
7020083,73,3
7020083,74,1
7020083,77,4
7020083,78,3
7020082,1,2
7020082,2,2
7020082,3,2
7020082,4,2
7020082,5,3
7020082,6,4
7020082,7,3
7020082,8,3
7020082,9,3
7020082,10,3
7020082,11,4
7020082,12,4
7020082,13,4
7020082,14,2
7020082,15,2
7020082,16,2
7020082,17,3
7020082,19,2
7020082,20,2
7020082,21,4
7020082,22,3
7020082,23,2
7020082,24,3
7020082,25,1
7020082,26,3
7020082,28,3
7020082,29,2
7020082,43,3
7020082,45,2
7020082,52,4
7020082,62,3
7020082,63,2
7020082,67,1
7020082,69,2
7020082,71,1
7020082,73,1
7020082,74,1
7020082,77,2
6020085,1,4
6020085,2,4
6020085,3,3
6020085,4,3
6020085,5,3
6020085,6,3
6020085,7,2
6020085,8,2
6020085,9,4
6020085,10,3
6020085,11,2
6020085,12,3
6020085,13,3
6020085,14,3
6020085,15,1
6020085,16,1
6020085,17,2
6020085,19,4
6020085,20,1
6020085,21,4
6020085,22,5
6020085,23,2
6020085,24,3
6020085,25,3
6020085,26,1
6020085,29,1
6020085,52,3
6020085,53,3
6020085,56,3
6020085,58,4
6020085,60,2
6020085,62,3
6020085,63,4
6020085,67,2
6020085,68,1
6020085,69,4
6020085,71,3
6020085,73,3
6020085,74,2
6020085,77,3
7020097,1,3
7020097,2,3
7020097,3,2
7020097,4,3
7020097,5,4
7020097,6,3
7020097,7,4
7020097,8,4
7020097,9,3
7020097,10,3
7020097,11,3
7020097,12,2
7020097,13,1
7020097,14,3
7020097,15,3
7020097,16,4
7020097,17,3
7020097,19,3
7020097,20,3
7020097,21,4
7020097,22,4
7020097,23,3
7020097,24,3
7020097,25,3
7020097,26,2
7020097,28,5
7020097,29,3
7020097,40,3
7020097,43,5
7020097,45,1
7020097,52,5
7020097,53,3
7020097,60,2
7020097,62,4
7020097,63,3
7020097,68,2
7020097,69,3
7020097,71,4
7020097,73,4
7020097,74,2
7020097,77,2
7020095,1,2
7020095,2,2
7020095,3,3
7020095,4,4
7020095,5,2
7020095,6,2
7020095,7,3
7020095,8,4
7020095,9,4
7020095,10,3
7020095,11,3
7020095,12,4
7020095,13,4
7020095,14,3
7020095,15,4
7020095,16,3
7020095,17,1
7020095,19,4
7020095,20,4
7020095,21,4
7020095,22,3
7020095,23,3
7020095,24,4
7020095,25,4
7020095,26,4
7020095,29,2
7020095,52,2
7020095,53,3
7020095,56,5
7020095,58,4
7020095,60,3
7020095,62,3
7020095,63,4
7020095,68,2
7020095,69,3
7020095,70,4
7020095,71,3
7020095,73,3
7020095,74,2
7020095,77,2
7020098,1,2
7020098,2,2
7020098,3,3
7020098,4,3
7020098,5,3
7020098,6,2
7020098,7,2
7020098,8,2
7020098,9,3
7020098,10,3
7020098,11,3
7020098,12,4
7020098,13,3
7020098,14,4
7020098,15,5
7020098,16,5
7020098,17,4
7020098,19,4
7020098,20,4
7020098,21,5
7020098,22,3
7020098,23,3
7020098,24,5
7020098,25,2
7020098,26,4
7020098,29,2
7020098,52,5
7020098,53,5
7020098,56,5
7020098,58,5
7020098,60,3
7020098,62,3
7020098,63,4
7020098,68,4
7020098,69,2
7020098,71,2
7020098,73,2
7020098,74,2
7020098,77,2
7020103,1,2
7020103,2,2
7020103,3,2
7020103,4,3
7020103,5,1
7020103,6,3
7020103,7,3
7020103,8,3
7020103,9,4
7020103,10,1
7020103,11,4
7020103,12,4
7020103,13,4
7020103,14,3
7020103,15,3
7020103,16,4
7020103,17,3
7020103,19,2
7020103,20,2
7020103,21,4
7020103,22,4
7020103,23,3
7020103,24,3
7020103,25,3
7020103,26,4
7020103,29,2
7020103,49,3
7020103,52,4
7020103,60,3
7020103,62,4
7020103,63,4
7020103,68,1
7020103,69,2
7020103,71,2
7020103,73,4
7020103,74,2
7020103,77,2
7020103,78,3
7020106,1,2
7020106,2,2
7020106,3,3
7020106,4,3
7020106,5,3
7020106,6,3
7020106,7,3
7020106,8,3
7020106,9,4
7020106,10,3
7020106,11,3
7020106,12,3
7020106,13,3
7020106,14,3
7020106,15,4
7020106,16,4
7020106,17,1
7020106,19,4
7020106,20,2
7020106,21,5
7020106,22,4
7020106,23,4
7020106,24,4
7020106,25,2
7020106,26,1
7020106,28,5
7020106,29,2
7020106,43,3
7020106,45,3
7020106,52,3
7020106,62,3
7020106,63,4
7020106,67,1
7020106,69,3
7020106,70,5
7020106,71,2
7020106,73,1
7020106,74,2
7020106,77,4
7020120,1,3
7020120,2,3
7020120,3,2
7020120,4,3
7020120,5,2
7020120,6,3
7020120,7,2
7020120,8,2
7020120,9,2
7020120,10,2
7020120,11,4
7020120,12,4
7020120,13,4
7020120,14,3
7020120,15,4
7020120,16,3
7020120,17,3
7020120,19,5
7020120,20,4
7020120,21,4
7020120,22,3
7020120,23,4
7020120,24,2
7020120,25,2
7020120,26,3
7020120,29,1
7020120,49,3
7020120,52,4
7020120,60,2
7020120,62,3
7020120,63,3
7020120,68,2
7020120,69,2
7020120,71,3
7020120,73,3
7020120,74,2
7020120,77,2
7020120,78,3
7020125,1,2
7020125,2,2
7020125,3,2
7020125,4,3
7020125,5,3
7020125,6,3
7020125,7,3
7020125,8,3
7020125,9,4
7020125,10,4
7020125,11,3
7020125,12,4
7020125,13,2
7020125,14,4
7020125,15,4
7020125,16,4
7020125,17,1
7020125,19,3
7020125,20,4
7020125,21,4
7020125,22,3
7020125,23,3
7020125,24,2
7020125,25,3
7020125,26,4
7020125,29,2
7020125,49,2
7020125,52,3
7020125,60,2
7020125,62,4
7020125,63,4
7020125,68,2
7020125,69,4
7020125,71,3
7020125,73,2
7020125,74,2
7020125,77,4
7020125,78,3
7020126,1,3
7020126,2,3
7020126,3,3
7020126,4,3
7020126,5,2
7020126,6,1
7020126,7,1
7020126,8,3
7020126,9,2
7020126,10,3
7020126,11,2
7020126,12,1
7020126,13,3
7020126,14,3
7020126,15,3
7020126,16,3
7020126,17,2
7020126,19,3
7020126,20,3
7020126,21,3
7020126,22,2
7020126,23,2
7020126,24,3
7020126,25,3
7020126,26,1
7020126,28,5
7020126,29,2
7020126,43,4
7020126,45,3
7020126,49,4
7020126,52,5
7020126,60,3
7020126,62,3
7020126,63,3
7020126,68,2
7020126,69,3
7020126,71,4
7020126,73,1
7020126,74,3
7020126,77,4
6020117,1,4
6020117,2,4
6020117,3,1
6020117,4,2
6020117,5,4
6020117,6,4
6020117,7,2
6020117,8,3
6020117,9,3
6020117,10,4
6020117,11,4
6020117,12,2
6020117,13,3
6020117,14,4
6020117,15,4
6020117,16,4
6020117,17,3
6020117,19,4
6020117,20,4
6020117,21,3
6020117,22,2
6020117,23,3
6020117,24,4
6020117,25,4
6020117,26,4
6020117,29,3
6020117,52,3
6020117,53,2
6020117,56,4
6020117,58,4
6020117,60,2
6020117,62,4
6020117,63,4
6020117,68,2
6020117,69,3
6020117,71,4
6020117,73,2
6020117,74,4
6020117,77,3
7020130,1,3
7020130,2,3
7020130,3,2
7020130,4,3
7020130,5,2
7020130,6,4
7020130,7,2
7020130,8,3
7020130,9,3
7020130,10,3
7020130,11,3
7020130,12,3
7020130,13,4
7020130,14,2
7020130,15,4
7020130,16,4
7020130,17,2
7020130,19,3
7020130,20,4
7020130,21,4
7020130,22,4
7020130,23,3
7020130,24,4
7020130,25,3
7020130,26,2
7020130,28,3
7020130,29,2
7020130,43,4
7020130,45,1
7020130,52,3
7020130,62,2
7020130,63,3
7020130,67,1
7020130,69,3
7020130,71,1
7020130,73,2
7020130,74,1
7020130,77,4
6020126,1,3
6020126,2,3
6020126,3,3
6020126,4,3
6020126,5,2
6020126,6,3
6020126,7,2
6020126,8,2
6020126,9,3
6020126,10,3
6020126,11,2
6020126,12,4
6020126,13,3
6020126,14,2
6020126,15,2
6020126,16,1
6020126,17,2
6020126,19,4
6020126,20,3
6020126,21,3
6020126,22,4
6020126,23,3
6020126,24,3
6020126,25,3
6020126,26,3
6020126,28,4
6020126,29,2
6020126,43,3
6020126,45,2
6020126,52,4
6020126,60,2
6020126,62,4
6020126,63,4
6020126,68,1
6020126,69,3
6020126,71,4
6020126,73,2
6020126,74,3
6020126,77,4
7020143,1,2
7020143,2,2
7020143,3,2
7020143,4,3
7020143,5,1
7020143,6,4
7020143,7,3
7020143,8,3
7020143,9,3
7020143,10,3
7020143,11,3
7020143,12,4
7020143,13,3
7020143,14,3
7020143,15,4
7020143,16,2
7020143,17,3
7020143,19,3
7020143,20,3
7020143,21,4
7020143,22,4
7020143,23,2
7020143,24,2
7020143,25,4
7020143,26,3
7020143,28,3
7020143,29,4
7020143,43,3
7020143,45,2
7020143,52,4
7020143,60,2
7020143,62,4
7020143,63,4
7020143,68,1
7020143,69,3
7020143,71,3
7020143,73,2
7020143,74,3
7020143,77,3
7020174,1,2
7020174,2,2
7020174,3,2
7020174,4,2
7020174,5,2
7020174,6,3
7020174,7,3
7020174,8,3
7020174,9,3
7020174,10,3
7020174,11,3
7020174,12,4
7020174,13,4
7020174,14,4
7020174,15,4
7020174,16,3
7020174,17,4
7020174,19,3
7020174,20,2
7020174,21,4
7020174,22,4
7020174,23,2
7020174,24,4
7020174,25,2
7020174,26,4
7020174,29,2
7020174,49,2
7020174,52,3
7020174,60,4
7020174,62,3
7020174,63,2
7020174,68,1
7020174,69,2
7020174,71,2
7020174,73,2
7020174,74,2
7020174,77,2
7020174,78,2
7020160,1,2
7020160,2,2
7020160,3,3
7020160,4,3
7020160,5,3
7020160,6,3
7020160,7,3
7020160,8,4
7020160,9,3
7020160,10,3
7020160,11,4
7020160,12,3
7020160,13,4
7020160,14,3
7020160,15,2
7020160,16,3
7020160,17,3
7020160,19,4
7020160,20,2
7020160,21,5
7020160,22,3
7020160,23,3
7020160,24,3
7020160,25,3
7020160,26,3
7020160,29,4
7020160,52,4
7020160,60,3
7020160,62,3
7020160,63,2
7020160,64,3
7020160,68,1
7020160,69,3
7020160,70,3
7020160,71,2
7020160,73,3
7020160,74,3
7020160,76,4
7020160,77,2
6020154,1,4
6020154,2,4
6020154,3,2
6020154,4,3
6020154,5,4
6020154,6,4
6020154,7,2
6020154,8,4
6020154,9,4
6020154,10,2
6020154,11,4
6020154,12,3
6020154,13,3
6020154,14,4
6020154,15,2
6020154,16,4
6020154,17,2
6020154,19,4
6020154,20,2
6020154,21,3
6020154,22,5
6020154,23,3
6020154,24,4
6020154,25,3
6020154,26,3
6020154,29,2
6020154,52,4
6020154,53,4
6020154,56,4
6020154,58,4
6020154,60,3
6020154,62,4
6020154,63,2
6020154,68,1
6020154,69,3
6020154,71,4
6020154,73,3
6020154,74,3
6020154,77,4
7020183,1,2
7020183,2,2
7020183,3,2
7020183,4,3
7020183,5,2
7020183,6,2
7020183,7,3
7020183,8,3
7020183,9,3
7020183,10,3
7020183,11,3
7020183,12,4
7020183,13,4
7020183,14,3
7020183,15,3
7020183,16,2
7020183,17,2
7020183,19,3
7020183,20,3
7020183,21,4
7020183,22,3
7020183,23,3
7020183,24,3
7020183,25,4
7020183,26,4
7020183,28,4
7020183,29,2
7020183,49,3
7020183,52,4
7020183,60,2
7020183,62,4
7020183,63,4
7020183,68,1
7020183,69,4
7020183,71,4
7020183,73,4
7020183,74,2
7020183,77,3
7020183,78,3
7020204,1,3
7020204,2,3
7020204,3,3
7020204,4,3
7020204,5,4
7020204,6,4
7020204,7,3
7020204,8,3
7020204,9,3
7020204,10,3
7020204,11,4
7020204,12,4
7020204,13,4
7020204,14,3
7020204,15,4
7020204,16,4
7020204,17,4
7020204,19,4
7020204,20,2
7020204,21,4
7020204,22,2
7020204,23,3
7020204,24,1
7020204,25,3
7020204,26,4
7020204,28,4
7020204,29,2
7020204,43,4
7020204,45,2
7020204,52,5
7020204,60,2
7020204,62,4
7020204,63,3
7020204,68,2
7020204,69,3
7020204,71,2
7020204,73,2
7020204,74,3
7020204,77,4
6020167,1,4
6020167,2,4
6020167,5,7
6020167,6,10
6020167,7,7
6020167,8,7
6020167,10,6.5
6020167,11,6
6020167,12,8
6020167,13,5
7020207,1,2
7020207,2,2
7020207,3,2
7020207,4,4
7020207,5,4
7020207,6,4
7020207,7,2
7020207,8,4
7020207,9,4
7020207,10,3
7020207,11,1
7020207,12,4
7020207,13,1
7020207,14,3
7020207,15,3
7020207,16,3
7020207,17,4
7020207,19,3
7020207,20,4
7020207,21,3
7020207,22,1
7020207,23,2
7020207,24,4
7020207,25,3
7020207,26,4
7020207,29,2
7020207,49,4
7020207,52,4
7020207,60,4
7020207,62,2
7020207,63,3
7020207,68,2
7020207,69,3
7020207,71,4
7020207,73,3
7020207,74,4
7020207,77,3
7020207,78,4
7020208,1,6.5
7020208,2,6.5
7020208,5,8
7020208,6,6.6
7020208,7,6.6
7020208,8,6.4
7020208,10,5.7
7020208,11,5.2
7020208,12,5
7020208,13,6
6020470,1,3
6020470,2,3
6020470,3,2
6020470,4,3
6020470,5,2
6020470,6,4
6020470,7,3
6020470,8,4
6020470,9,3
6020470,10,4
6020470,11,4
6020470,12,3
6020470,13,2
6020470,14,3
6020470,15,4
6020470,16,4
6020470,17,3
6020470,19,4
6020470,20,2
6020470,21,4
6020470,22,3
6020470,23,2
6020470,24,2
6020470,25,3
6020470,26,4
6020470,28,3
6020470,29,3
6020470,43,2
6020470,45,3
6020470,52,3
6020470,60,3
6020470,62,1
6020470,63,3
6020470,68,1
6020470,69,2
6020470,71,4
6020470,73,2
6020470,74,3
6020470,77,2
7020224,1,3
7020224,2,3
7020224,3,2
7020224,4,3
7020224,5,2
7020224,6,2
7020224,7,3
7020224,8,3
7020224,9,3
7020224,10,3
7020224,11,3
7020224,12,4
7020224,13,4
7020224,14,2
7020224,15,3
7020224,16,1
7020224,17,2
7020224,19,3
7020224,20,3
7020224,21,1
7020224,22,4
7020224,23,1
7020224,24,1
7020224,25,3
7020224,26,1
7020224,29,1
7020224,52,3
7020224,62,1
7020224,63,2
7020224,64,2
7020224,67,1
7020224,69,2
7020224,70,2
7020224,71,1
7020224,73,4
7020224,74,2
7020224,76,2
7020224,77,2
7020230,1,3
7020230,2,3
7020230,3,1
7020230,4,3
7020230,5,4
7020230,6,4
7020230,7,2
7020230,8,3
7020230,9,3
7020230,10,4
7020230,11,3
7020230,12,4
7020230,13,4
7020230,14,3
7020230,15,4
7020230,16,3
7020230,17,4
7020230,19,4
7020230,20,2
7020230,21,4
7020230,22,4
7020230,23,2
7020230,24,3
7020230,25,4
7020230,26,4
7020230,29,2
7020230,49,3
7020230,52,4
7020230,53,3
7020230,60,3
7020230,62,2
7020230,63,3
7020230,68,2
7020230,69,3
7020230,71,2
7020230,73,2
7020230,74,2
7020230,77,3
7020230,78,3
7020252,1,3
7020252,2,3
7020252,3,3
7020252,4,4
7020252,5,2
7020252,6,3
7020252,7,3
7020252,8,4
7020252,9,4
7020252,10,3
7020252,11,4
7020252,12,3
7020252,13,4
7020252,14,3
7020252,15,4
7020252,16,3
7020252,17,4
7020252,19,2
7020252,20,4
7020252,21,4
7020252,22,3
7020252,23,2
7020252,24,2
7020252,25,3
7020252,26,1
7020252,29,2
7020252,52,3
7020252,53,4
7020252,56,2
7020252,58,3
7020252,60,3
7020252,62,4
7020252,63,4
7020252,68,2
7020252,69,4
7020252,71,3
7020252,73,2
7020252,74,2
7020252,77,4
6020224,1,3
6020224,2,3
6020224,3,1
6020224,4,3
6020224,5,2
6020224,6,4
6020224,7,2
6020224,8,2
6020224,9,3
6020224,10,3
6020224,11,4
6020224,12,2
6020224,13,3
6020224,14,3
6020224,15,4
6020224,16,2
6020224,17,4
6020224,19,4
6020224,20,4
6020224,21,3
6020224,22,1
6020224,23,2
6020224,24,1
6020224,25,2
6020224,26,3
6020224,28,1
6020224,29,1
6020224,43,2
6020224,45,2
6020224,52,3
6020224,62,3
6020224,63,2
6020224,67,1
6020224,69,2
6020224,71,2
6020224,73,2
6020224,74,2
6020224,77,3
7020254,1,3
7020254,2,3
7020254,3,2
7020254,4,4
7020254,5,2
7020254,6,4
7020254,7,4
7020254,8,3
7020254,9,4
7020254,10,4
7020254,11,4
7020254,12,4
7020254,13,4
7020254,14,3
7020254,15,4
7020254,16,4
7020254,17,3
7020254,19,4
7020254,20,3
7020254,21,4
7020254,22,4
7020254,23,3
7020254,24,2
7020254,25,2
7020254,26,1
7020254,29,1
7020254,52,5
7020254,53,2
7020254,56,2
7020254,58,4
7020254,60,1
7020254,62,4
7020254,63,4
7020254,68,1
7020254,69,3
7020254,71,3
7020254,73,2
7020254,74,4
7020254,77,3
6020232,1,4
6020232,2,4
6020232,3,7
6020232,4,6.8
6020232,5,5
6020232,6,5
6020232,7,6
6020232,8,5
6020232,9,5.6
6020232,10,6
6020232,11,6
6020232,12,7
6020232,13,6
6020232,14,4.6
6020232,16,4.2
6020232,20,4.3
6020232,21,4.2
6020232,22,7.4
6020232,23,7.1
6020232,24,7.6
6020232,25,5.9
6020232,26,7
6020232,29,4
6020232,45,5.5
6020232,62,6.2
6020232,63,6.4
6020232,64,6.2
6020232,69,6.6
6020232,71,5.1
6020232,73,6
6020232,74,6.1
6020232,76,4
6020232,77,4.8
7020260,1,2
7020260,2,2
7020260,3,1
7020260,4,3
7020260,5,1
7020260,6,3
7020260,7,3
7020260,8,3
7020260,9,3
7020260,10,2
7020260,11,4
7020260,12,3
7020260,13,3
7020260,14,4
7020260,15,3
7020260,16,2
7020260,17,3
7020260,19,3
7020260,20,4
7020260,21,4
7020260,22,1
7020260,23,3
7020260,24,2
7020260,25,2
7020260,26,4
7020260,29,4
7020260,52,3
7020260,62,1
7020260,63,4
7020260,64,3
7020260,67,2
7020260,69,3
7020260,70,3
7020260,71,2
7020260,73,2
7020260,74,1
7020260,76,3
7020260,77,1
6020241,1,2
6020241,2,2
6020241,3,5
6020241,4,3
6020241,5,4
6020241,6,4
6020241,7,2
6020241,8,4
6020241,9,4
6020241,10,3
6020241,11,3
6020241,12,2
6020241,13,4
6020241,14,5
6020241,15,5
6020241,16,4
6020241,17,5
6020241,19,4
6020241,20,3
6020241,21,4
6020241,22,4
6020241,23,3
6020241,24,5
6020241,25,2
6020241,26,5
6020241,29,5
6020241,52,5
6020241,62,5
6020241,63,5
6020241,64,5
6020241,69,3
6020241,70,5
6020241,71,5
6020241,73,4
6020241,74,5
6020241,76,5
6020241,77,4
7020268,1,3
7020268,2,3
7020268,3,2
7020268,4,3
7020268,5,2
7020268,6,3
7020268,7,2
7020268,8,2
7020268,9,3
7020268,10,2
7020268,11,4
7020268,12,3
7020268,13,4
7020268,14,4
7020268,15,3
7020268,16,2
7020268,17,3
7020268,19,2
7020268,20,3
7020268,21,3
7020268,22,3
7020268,23,3
7020268,24,2
7020268,25,2
7020268,26,3
7020268,28,3
7020268,29,4
7020268,43,3
7020268,45,2
7020268,52,3
7020268,62,2
7020268,63,4
7020268,67,1
7020268,69,3
7020268,71,3
7020268,73,3
7020268,74,2
7020268,77,4
6020255,1,6
6020255,2,6
6020255,5,6
6020255,6,7
6020255,7,6
6020255,8,5
6020255,10,5.5
6020255,11,7
6020255,12,5
6020255,13,6
7020282,1,3
7020282,2,3
7020282,3,2
7020282,4,3
7020282,5,1
7020282,6,1
7020282,7,1
7020282,8,2
7020282,9,2
7020282,10,3
7020282,11,4
7020282,12,4
7020282,13,4
7020282,14,4
7020282,15,4
7020282,16,3
7020282,17,4
7020282,19,4
7020282,20,2
7020282,21,4
7020282,22,4
7020282,23,3
7020282,24,2
7020282,25,3
7020282,26,2
7020282,28,4
7020282,29,2
7020282,43,3
7020282,45,3
7020282,52,3
7020282,62,3
7020282,63,3
7020282,67,1
7020282,69,3
7020282,71,2
7020282,73,3
7020282,74,2
7020282,77,2
7020288,1,3
7020288,2,3
7020288,3,3
7020288,4,4
7020288,5,2
7020288,6,3
7020288,7,3
7020288,8,3
7020288,9,4
7020288,10,3
7020288,11,3
7020288,12,4
7020288,13,3
7020288,14,4
7020288,15,4
7020288,16,4
7020288,17,2
7020288,19,4
7020288,20,4
7020288,21,4
7020288,22,4
7020288,23,3
7020288,24,2
7020288,25,4
7020288,26,2
7020288,29,1
7020288,45,3
7020288,49,3
7020288,52,2
7020288,60,3
7020288,62,1
7020288,63,4
7020288,68,2
7020288,69,4
7020288,71,4
7020288,73,3
7020288,74,3
7020288,77,2
7020288,78,4
7020292,1,4
7020292,2,4
7020292,3,3
7020292,4,3
7020292,5,3
7020292,6,2
7020292,7,3
7020292,8,4
7020292,9,3
7020292,10,2
7020292,11,3
7020292,12,4
7020292,13,1
7020292,14,3
7020292,15,2
7020292,16,4
7020292,17,2
7020292,19,4
7020292,20,2
7020292,21,4
7020292,22,4
7020292,23,2
7020292,24,1
7020292,25,2
7020292,26,1
7020292,29,3
7020292,49,1
7020292,52,2
7020292,60,3
7020292,62,1
7020292,63,2
7020292,64,2
7020292,68,1
7020292,69,2
7020292,71,2
7020292,73,2
7020292,74,2
7020292,76,4
7020292,77,2
7020297,1,2
7020297,2,2
7020297,3,2
7020297,4,2
7020297,5,2
7020297,6,1
7020297,7,2
7020297,8,3
7020297,9,4
7020297,10,3
7020297,11,4
7020297,12,4
7020297,13,3
7020297,14,3
7020297,15,3
7020297,16,1
7020297,17,3
7020297,19,3
7020297,20,1
7020297,21,4
7020297,22,3
7020297,23,3
7020297,24,2
7020297,25,3
7020297,26,1
7020297,28,3
7020297,29,1
7020297,43,2
7020297,45,2
7020297,52,2
7020297,62,2
7020297,63,3
7020297,67,1
7020297,69,2
7020297,71,2
7020297,73,3
7020297,74,2
7020297,77,2
7020299,1,3
7020299,2,3
7020299,3,2
7020299,4,4
7020299,5,1
7020299,6,2
7020299,7,3
7020299,8,3
7020299,9,3
7020299,10,2
7020299,11,3
7020299,12,4
7020299,13,3
7020299,14,3
7020299,15,4
7020299,16,2
7020299,17,3
7020299,19,3
7020299,20,2
7020299,21,3
7020299,22,4
7020299,23,2
7020299,24,4
7020299,25,3
7020299,26,4
7020299,29,4
7020299,49,4
7020299,52,3
7020299,60,5
7020299,61,1
7020299,62,3
7020299,63,3
7020299,68,2
7020299,69,2
7020299,71,3
7020299,73,3
7020299,74,2
7020299,77,4
7020299,78,4
6020286,1,3
6020286,2,3
6020286,3,2
6020286,4,3
6020286,5,1
6020286,6,2
6020286,7,3
6020286,8,4
6020286,9,4
6020286,10,3
6020286,11,4
6020286,12,2
6020286,13,3
6020286,14,3
6020286,15,3
6020286,16,4
6020286,17,4
6020286,19,3
6020286,20,3
6020286,21,4
6020286,22,3
6020286,23,3
6020286,24,2
6020286,25,3
6020286,26,4
6020286,29,1
6020286,52,2
6020286,53,1
6020286,56,2
6020286,58,4
6020286,60,3
6020286,62,1
6020286,63,4
6020286,68,3
6020286,69,2
6020286,71,3
6020286,73,3
6020286,74,2
6020286,77,4
7020314,1,3
7020314,2,3
7020314,3,3
7020314,4,4
7020314,5,3
7020314,6,2
7020314,7,2
7020314,8,2
7020314,9,2
7020314,10,3
7020314,11,3
7020314,12,4
7020314,13,4
7020314,14,3
7020314,15,2
7020314,16,3
7020314,17,2
7020314,19,3
7020314,20,4
7020314,21,4
7020314,22,5
7020314,23,3
7020314,24,4
7020314,25,3
7020314,26,4
7020314,29,3
7020314,49,3
7020314,52,4
7020314,60,3
7020314,62,3
7020314,63,4
7020314,68,2
7020314,69,3
7020314,71,4
7020314,73,3
7020314,74,2
7020314,77,2
7020314,78,3
7020319,1,3
7020319,2,3
7020319,3,3
7020319,4,3
7020319,5,1
7020319,6,4
7020319,7,2
7020319,8,3
7020319,9,3
7020319,10,3
7020319,11,4
7020319,12,3
7020319,13,2
7020319,14,4
7020319,15,3
7020319,16,4
7020319,17,2
7020319,19,4
7020319,20,3
7020319,21,4
7020319,22,3
7020319,23,2
7020319,24,3
7020319,25,1
7020319,26,2
7020319,29,2
7020319,52,4
7020319,53,4
7020319,56,4
7020319,58,4
7020319,62,4
7020319,63,4
7020319,67,1
7020319,69,2
7020319,71,3
7020319,73,2
7020319,74,3
7020319,77,2
6020295,1,3
6020295,2,3
6020295,3,2
6020295,4,2
6020295,5,2
6020295,6,2
6020295,7,2
6020295,8,2
6020295,9,4
6020295,10,3
6020295,11,2
6020295,12,2
6020295,13,3
6020295,14,4
6020295,15,3
6020295,16,4
6020295,17,2
6020295,19,4
6020295,20,2
6020295,21,4
6020295,22,4
6020295,23,2
6020295,24,4
6020295,25,2
6020295,26,4
6020295,28,5
6020295,29,3
6020295,43,4
6020295,45,3
6020295,52,4
6020295,56,3
6020295,60,4
6020295,62,4
6020295,63,3
6020295,68,1
6020295,69,4
6020295,71,3
6020295,73,2
6020295,74,3
6020295,77,1
7020333,1,2
7020333,2,2
7020333,3,3
7020333,4,2
7020333,5,3
7020333,6,4
7020333,7,4
7020333,8,3
7020333,9,4
7020333,10,2
7020333,11,4
7020333,12,4
7020333,13,3
7020333,14,3
7020333,15,4
7020333,16,1
7020333,17,3
7020333,19,2
7020333,20,1
7020333,21,4
7020333,22,3
7020333,23,2
7020333,24,2
7020333,25,2
7020333,26,1
7020333,28,4
7020333,29,1
7020333,43,3
7020333,45,3
7020333,52,3
7020333,62,2
7020333,63,3
7020333,67,1
7020333,69,1
7020333,71,2
7020333,73,1
7020333,74,3
7020333,77,1
7020343,1,2
7020343,2,2
7020343,3,2
7020343,4,2
7020343,5,1
7020343,6,4
7020343,7,2
7020343,8,2
7020343,9,2
7020343,10,2
7020343,11,3
7020343,12,4
7020343,13,2
7020343,14,4
7020343,15,4
7020343,16,3
7020343,17,2
7020343,19,2
7020343,20,2
7020343,21,3
7020343,22,3
7020343,23,2
7020343,24,1
7020343,25,2
7020343,26,3
7020343,28,3
7020343,29,1
7020343,49,2
7020343,52,3
7020343,62,2
7020343,63,1
7020343,67,1
7020343,69,2
7020343,71,2
7020343,73,1
7020343,74,2
7020343,77,2
7020343,78,2
7020357,1,2
7020357,2,2
7020357,3,3
7020357,4,3
7020357,5,3
7020357,6,4
7020357,7,2
7020357,8,3
7020357,9,3
7020357,10,2
7020357,11,3
7020357,12,4
7020357,13,4
7020357,14,3
7020357,15,3
7020357,16,4
7020357,17,2
7020357,19,2
7020357,20,4
7020357,21,3
7020357,22,1
7020357,23,4
7020357,24,3
7020357,25,3
7020357,26,4
7020357,29,2
7020357,49,2
7020357,52,3
7020357,60,2
7020357,62,4
7020357,63,3
7020357,68,2
7020357,69,2
7020357,71,2
7020357,73,4
7020357,74,2
7020357,77,2
7020357,78,3
7020360,1,3
7020360,2,3
7020360,3,2
7020360,4,2
7020360,5,1
7020360,6,2
7020360,7,2
7020360,8,2
7020360,9,2
7020360,10,3
7020360,11,3
7020360,12,4
7020360,13,4
7020360,14,3
7020360,15,2
7020360,16,4
7020360,17,3
7020360,19,3
7020360,20,3
7020360,21,3
7020360,22,3
7020360,23,2
7020360,24,3
7020360,25,3
7020360,26,1
7020360,28,5
7020360,29,3
7020360,43,3
7020360,45,3
7020360,52,3
7020360,62,1
7020360,63,4
7020360,67,2
7020360,69,3
7020360,71,2
7020360,73,3
7020360,74,3
7020360,77,3
7020377,1,2
7020377,2,2
7020377,3,3
7020377,4,3
7020377,5,4
7020377,6,3
7020377,7,3
7020377,8,4
7020377,9,4
7020377,10,3
7020377,11,4
7020377,12,4
7020377,13,4
7020377,14,3
7020377,15,4
7020377,16,3
7020377,17,2
7020377,19,4
7020377,20,3
7020377,21,4
7020377,22,4
7020377,23,3
7020377,24,3
7020377,25,2
7020377,26,2
7020377,28,3
7020377,29,1
7020377,43,3
7020377,45,3
7020377,52,4
7020377,60,3
7020377,62,4
7020377,63,3
7020377,68,2
7020377,69,2
7020377,71,4
7020377,73,2
7020377,74,2
7020377,77,3
7020396,1,3
7020396,2,3
7020396,3,2
7020396,4,2
7020396,5,1
7020396,6,1
7020396,7,2
7020396,8,3
7020396,9,4
7020396,10,2
7020396,11,3
7020396,12,4
7020396,13,4
7020396,14,3
7020396,15,2
7020396,16,2
7020396,17,3
7020396,19,3
7020396,20,1
7020396,21,4
7020396,22,1
7020396,23,4
7020396,24,3
7020396,25,2
7020396,26,2
7020396,29,1
7020396,43,4
7020396,52,3
7020396,62,2
7020396,63,2
7020396,67,1
7020396,69,2
7020396,70,4
7020396,71,2
7020396,73,2
7020396,74,3
7020396,76,4
7020396,77,3
6020356,1,2
6020356,2,2
6020356,3,1
6020356,4,2
6020356,5,3
6020356,6,4
6020356,7,2
6020356,8,3
6020356,9,4
6020356,10,3
6020356,11,3
6020356,12,4
6020356,13,4
6020356,14,3
6020356,15,4
6020356,16,3
6020356,17,3
6020356,19,3
6020356,20,3
6020356,21,3
6020356,22,3
6020356,23,2
6020356,24,4
6020356,25,2
6020356,26,4
6020356,29,4
6020356,49,3
6020356,52,4
6020356,60,3
6020356,62,4
6020356,63,4
6020356,68,2
6020356,69,2
6020356,70,4
6020356,71,3
6020356,73,2
6020356,74,3
6020356,76,4
6020356,77,3
7020405,1,3
7020405,2,3
7020405,3,2
7020405,4,3
7020405,5,1
7020405,6,4
7020405,7,2
7020405,8,2
7020405,9,3
7020405,10,4
7020405,11,4
7020405,12,4
7020405,13,4
7020405,14,3
7020405,15,3
7020405,16,3
7020405,17,2
7020405,19,3
7020405,20,1
7020405,21,2
7020405,22,3
7020405,23,4
7020405,24,2
7020405,25,1
7020405,26,2
7020405,28,2
7020405,29,4
7020405,45,4
7020405,52,4
7020405,62,3
7020405,63,3
7020405,67,2
7020405,69,2
7020405,71,2
7020405,73,2
7020405,74,2
7020405,77,1
7020405,78,2
7020414,1,3
7020414,2,3
7020414,3,3
7020414,4,3
7020414,5,2
7020414,6,3
7020414,7,4
7020414,8,3
7020414,9,3
7020414,10,4
7020414,11,4
7020414,12,4
7020414,13,4
7020414,14,3
7020414,15,4
7020414,16,4
7020414,17,2
7020414,19,3
7020414,20,4
7020414,21,4
7020414,22,3
7020414,23,3
7020414,24,4
7020414,25,3
7020414,26,3
7020414,28,4
7020414,29,2
7020414,43,4
7020414,45,2
7020414,52,4
7020414,60,3
7020414,62,4
7020414,63,4
7020414,68,1
7020414,69,3
7020414,71,4
7020414,73,4
7020414,74,3
7020414,77,1
7020431,1,3
7020431,2,3
7020431,3,3
7020431,4,2
7020431,5,2
7020431,6,4
7020431,7,3
7020431,8,3
7020431,9,3
7020431,10,3
7020431,11,4
7020431,12,4
7020431,13,1
7020431,14,2
7020431,15,3
7020431,16,3
7020431,17,2
7020431,19,3
7020431,20,3
7020431,21,4
7020431,22,4
7020431,23,2
7020431,24,3
7020431,25,2
7020431,26,2
7020431,29,2
7020431,49,3
7020431,52,3
7020431,62,2
7020431,63,3
7020431,67,1
7020431,69,3
7020431,71,2
7020431,73,3
7020431,74,2
7020431,77,2
7020431,78,4
7020441,1,3
7020441,2,3
7020441,3,2
7020441,4,3
7020441,5,3
7020441,6,3
7020441,7,2
7020441,8,3
7020441,9,3
7020441,10,4
7020441,11,4
7020441,12,4
7020441,13,4
7020441,14,3
7020441,15,3
7020441,16,3
7020441,17,4
7020441,19,3
7020441,20,2
7020441,21,4
7020441,22,3
7020441,23,3
7020441,24,3
7020441,25,2
7020441,26,4
7020441,28,3
7020441,29,4
7020441,43,3
7020441,45,3
7020441,52,3
7020441,60,1
7020441,62,4
7020441,63,4
7020441,68,1
7020441,69,2
7020441,71,2
7020441,73,1
7020441,74,2
7020441,77,3
7020447,1,2
7020447,2,2
7020447,3,2
7020447,4,3
7020447,5,2
7020447,6,3
7020447,7,3
7020447,8,3
7020447,9,4
7020447,10,3
7020447,11,4
7020447,12,4
7020447,13,4
7020447,14,3
7020447,15,3
7020447,16,4
7020447,17,2
7020447,19,3
7020447,20,4
7020447,21,4
7020447,22,3
7020447,23,3
7020447,24,3
7020447,25,2
7020447,26,4
7020447,29,4
7020447,52,3
7020447,53,3
7020447,56,2
7020447,58,4
7020447,60,2
7020447,62,2
7020447,63,2
7020447,68,1
7020447,69,2
7020447,71,3
7020447,73,3
7020447,74,3
7020447,77,3
7020457,1,3
7020457,2,3
7020457,3,3
7020457,4,3
7020457,5,2
7020457,6,4
7020457,7,2
7020457,8,3
7020457,9,3
7020457,10,3
7020457,11,4
7020457,12,4
7020457,13,4
7020457,14,3
7020457,15,4
7020457,16,4
7020457,17,2
7020457,19,3
7020457,20,3
7020457,21,4
7020457,22,4
7020457,23,2
7020457,24,3
7020457,25,2
7020457,26,3
7020457,29,2
7020457,49,3
7020457,52,3
7020457,53,3
7020457,62,4
7020457,63,3
7020457,67,1
7020457,69,2
7020457,71,3
7020457,73,2
7020457,74,2
7020457,77,1
7020457,78,3
7020482,1,3
7020482,2,3
7020482,3,2
7020482,4,3
7020482,5,1
7020482,6,1
7020482,7,1
7020482,8,2
7020482,9,2
7020482,10,3
7020482,11,2
7020482,12,4
7020482,13,3
7020482,14,3
7020482,15,4
7020482,16,2
7020482,17,2
7020482,19,3
7020482,20,2
7020482,21,3
7020482,22,1
7020482,23,2
7020482,24,1
7020482,25,2
7020482,26,1
7020482,29,3
7020482,52,1
7020482,53,2
7020482,56,2
7020482,58,2
7020482,62,2
7020482,63,4
7020482,67,1
7020482,69,2
7020482,71,2
7020482,73,3
7020482,74,2
7020482,77,2
6020519,1,4
6020519,2,4
6020519,3,2
6020519,4,2
6020519,5,2
6020519,6,2
6020519,7,3
6020519,8,4
6020519,9,4
6020519,10,4
6020519,11,3
6020519,12,4
6020519,13,3
6020519,14,4
6020519,15,4
6020519,16,4
6020519,17,2
6020519,19,4
6020519,20,3
6020519,21,4
6020519,22,4
6020519,23,4
6020519,24,3
6020519,25,2
6020519,26,3
6020519,28,3
6020519,29,3
6020519,43,3
6020519,52,2
6020519,60,2
6020519,62,3
6020519,63,4
6020519,68,4
6020519,69,3
6020519,71,2
6020519,73,3
6020519,74,2
6020519,77,3
6020519,78,4
7020484,1,7.2
7020484,2,7.2
7020484,5,9.6
7020484,6,8.2
7020484,7,6.9
7020484,8,7.1
7020484,10,7.35
7020484,11,5.6
7020484,12,4.2
7020484,13,4.2
6020491,1,3
6020491,2,3
6020491,3,2
6020491,4,4
6020491,5,2
6020491,6,4
6020491,7,3
6020491,8,4
6020491,9,4
6020491,10,3
6020491,11,4
6020491,12,2
6020491,13,3
6020491,14,3
6020491,15,3
6020491,16,3
6020491,17,4
6020491,19,4
6020491,20,3
6020491,21,4
6020491,22,2
6020491,23,2
6020491,24,4
6020491,25,4
6020491,26,2
6020491,28,3
6020491,29,2
6020491,43,2
6020491,45,3
6020491,52,1
6020491,60,2
6020491,62,3
6020491,63,4
6020491,68,1
6020491,69,3
6020491,71,3
6020491,73,2
6020491,74,2
6020491,77,3
7020006,1,3
7020006,2,3
7020006,3,2
7020006,4,3
7020006,5,1
7020006,6,2
7020006,7,1
7020006,8,2
7020006,9,2
7020006,10,2
7020006,11,4
7020006,12,4
7020006,13,4
7020006,14,3
7020006,15,3
7020006,16,1
7020006,17,2
7020006,19,2
7020006,20,2
7020006,21,1
7020006,22,1
7020006,23,1
7020006,24,2
7020006,25,1
7020006,26,3
7020006,29,2
7020006,43,3
7020006,45,1
7020006,52,3
7020006,58,3
7020006,62,1
7020006,63,4
7020006,67,1
7020006,69,1
7020006,71,2
7020006,73,1
7020006,74,2
7020006,77,3
7020009,1,6.6
7020009,2,6.6
7020009,5,7.6
7020009,6,8.3
7020009,7,6.8
7020009,8,6.7
7020009,10,6.15
7020009,11,5.6
7020009,12,4.6
7020009,13,4.7
7020502,1,3
7020502,2,3
7020502,3,3
7020502,4,3
7020502,5,4
7020502,6,3
7020502,7,3
7020502,8,4
7020502,9,4
7020502,10,4
7020502,11,4
7020502,12,4
7020502,13,2
7020502,14,4
7020502,15,4
7020502,16,3
7020502,17,3
7020502,19,3
7020502,20,3
7020502,21,4
7020502,22,4
7020502,23,2
7020502,24,3
7020502,25,1
7020502,26,2
7020502,29,2
7020502,43,3
7020502,52,3
7020502,60,3
7020502,62,1
7020502,63,4
7020502,68,2
7020502,69,3
7020502,71,4
7020502,73,4
7020502,74,3
7020502,77,3
7020502,78,4
7020019,1,2
7020019,2,2
7020019,3,2
7020019,4,3
7020019,5,3
7020019,6,4
7020019,7,3
7020019,8,3
7020019,9,3
7020019,10,2
7020019,11,4
7020019,12,4
7020019,13,3
7020019,14,4
7020019,15,3
7020019,16,4
7020019,17,3
7020019,19,2
7020019,20,2
7020019,21,4
7020019,22,3
7020019,23,2
7020019,24,5
7020019,25,4
7020019,26,3
7020019,29,1
7020019,49,2
7020019,52,4
7020019,60,3
7020019,61,2
7020019,62,2
7020019,63,2
7020019,68,2
7020019,69,4
7020019,71,3
7020019,73,3
7020019,74,4
7020019,77,4
7020019,78,3
7020036,1,3
7020036,2,3
7020036,4,5
7020036,5,5
7020036,6,4
7020036,7,4
7020036,8,4
7020036,9,4
7020036,10,3
7020036,11,3
7020036,12,4
7020036,13,4
7020036,14,4
7020036,15,3
7020036,16,5
7020036,17,4
7020036,19,4
7020036,20,4
7020036,21,4
7020036,22,3
7020036,23,3
7020036,24,5
7020036,25,4
7020036,26,4
7020036,52,5
7020036,62,5
7020036,69,5
7020036,71,5
7020036,73,5
7020036,74,5
7020036,77,4
7020547,1,3
7020547,2,3
7020547,3,2
7020547,4,3
7020547,5,2
7020547,6,1
7020547,7,3
7020547,8,3
7020547,9,3
7020547,10,2
7020547,11,3
7020547,12,1
7020547,13,2
7020547,14,3
7020547,15,1
7020547,16,1
7020547,17,2
7020547,19,1
7020547,20,1
7020547,21,3
7020547,22,1
7020547,23,2
7020547,24,2
7020547,25,1
7020547,26,1
7020547,29,2
7020547,52,2
7020547,62,1
7020547,63,2
7020547,64,2
7020547,67,1
7020547,69,1
7020547,70,1
7020547,71,2
7020547,73,2
7020547,74,2
7020547,76,2
7020547,77,1
7020042,1,2
7020042,2,2
7020042,3,2
7020042,4,3
7020042,5,2
7020042,6,1
7020042,7,2
7020042,8,2
7020042,9,3
7020042,10,3
7020042,11,4
7020042,12,4
7020042,13,4
7020042,14,4
7020042,15,3
7020042,16,2
7020042,17,2
7020042,19,2
7020042,20,1
7020042,21,4
7020042,22,2
7020042,23,2
7020042,24,3
7020042,25,2
7020042,26,1
7020042,29,3
7020042,52,4
7020042,53,3
7020042,56,3
7020042,62,2
7020042,63,3
7020042,64,4
7020042,67,1
7020042,69,3
7020042,71,4
7020042,73,3
7020042,74,1
7020042,77,1
7020043,1,2
7020043,2,2
7020043,3,1
7020043,4,2
7020043,5,2
7020043,6,3
7020043,7,1
7020043,8,2
7020043,9,3
7020043,10,3
7020043,11,4
7020043,12,4
7020043,13,3
7020043,14,3
7020043,15,2
7020043,16,3
7020043,17,1
7020043,19,2
7020043,20,2
7020043,21,2
7020043,22,2
7020043,23,3
7020043,24,3
7020043,25,1
7020043,26,3
7020043,28,2
7020043,29,1
7020043,49,1
7020043,52,2
7020043,62,1
7020043,63,2
7020043,67,1
7020043,69,2
7020043,71,2
7020043,73,1
7020043,74,2
7020043,77,1
7020043,78,2
7020574,1,3
7020574,2,3
7020574,3,2
7020574,4,3
7020574,5,2
7020574,6,3
7020574,7,2
7020574,8,2
7020574,9,3
7020574,10,4
7020574,11,4
7020574,12,4
7020574,13,4
7020574,14,3
7020574,15,3
7020574,16,2
7020574,17,1
7020574,19,2
7020574,20,3
7020574,21,3
7020574,22,2
7020574,23,2
7020574,24,3
7020574,25,3
7020574,26,2
7020574,28,4
7020574,29,3
7020574,45,2
7020574,52,4
7020574,62,3
7020574,63,2
7020574,67,1
7020574,69,1
7020574,71,2
7020574,73,2
7020574,74,2
7020574,77,3
7020574,78,2
6020517,1,3
6020517,2,3
6020517,3,2
6020517,4,3
6020517,5,3
6020517,6,4
6020517,7,3
6020517,8,4
6020517,9,4
6020517,10,4
6020517,11,2
6020517,12,1
6020517,13,3
6020517,14,4
6020517,15,2
6020517,16,4
6020517,17,3
6020517,19,4
6020517,20,4
6020517,21,4
6020517,22,3
6020517,23,3
6020517,24,4
6020517,25,4
6020517,26,4
6020517,28,5
6020517,29,3
6020517,43,2
6020517,45,3
6020517,52,3
6020517,60,3
6020517,62,2
6020517,63,3
6020517,68,3
6020517,69,3
6020517,71,4
6020517,73,4
6020517,74,3
6020517,77,2
7020052,1,2
7020052,2,2
7020052,3,2
7020052,4,2
7020052,5,2
7020052,6,1
7020052,7,1
7020052,8,2
7020052,9,1
7020052,10,2
7020052,11,4
7020052,12,4
7020052,13,4
7020052,14,4
7020052,15,4
7020052,16,2
7020052,17,2
7020052,19,4
7020052,20,1
7020052,21,3
7020052,22,2
7020052,23,1
7020052,24,4
7020052,25,2
7020052,26,1
7020052,29,3
7020052,49,2
7020052,52,2
7020052,58,1
7020052,62,2
7020052,63,1
7020052,67,1
7020052,69,2
7020052,71,2
7020052,73,3
7020052,74,1
7020052,77,2
7020054,1,7
7020054,2,7
7020054,5,7.8
7020054,6,4
7020054,7,8.2
7020054,8,7.9
7020054,10,6.05
7020054,11,4
7020054,12,4.7
7020054,13,5.7
7020076,1,2
7020076,2,2
7020076,3,2
7020076,4,3
7020076,5,1
7020076,6,1
7020076,7,2
7020076,8,2
7020076,9,2
7020076,10,3
7020076,11,4
7020076,12,4
7020076,13,3
7020076,14,4
7020076,15,4
7020076,16,2
7020076,17,3
7020076,19,3
7020076,20,1
7020076,21,4
7020076,22,2
7020076,23,2
7020076,24,2
7020076,25,2
7020076,26,2
7020076,28,3
7020076,29,2
7020076,43,1
7020076,45,2
7020076,52,3
7020076,62,3
7020076,63,3
7020076,67,2
7020076,69,3
7020076,71,3
7020076,73,1
7020076,74,1
7020076,77,3
6020065,1,3
6020065,2,3
6020065,3,3
6020065,4,3
6020065,5,3
6020065,6,2
6020065,7,4
6020065,8,4
6020065,9,4
6020065,10,3
6020065,11,1
6020065,12,4
6020065,13,4
6020065,14,4
6020065,15,3
6020065,16,4
6020065,17,2
6020065,19,3
6020065,20,2
6020065,21,4
6020065,22,4
6020065,23,3
6020065,24,5
6020065,25,3
6020065,26,4
6020065,28,3
6020065,29,3
6020065,43,4
6020065,45,3
6020065,52,1
6020065,60,3
6020065,62,5
6020065,63,3
6020065,68,2
6020065,69,3
6020065,71,4
6020065,73,3
6020065,74,3
6020065,77,4
6020456,1,3
6020456,2,3
6020456,3,2
6020456,4,3
6020456,5,2
6020456,6,3
6020456,7,2
6020456,8,4
6020456,9,4
6020456,10,4
6020456,11,3
6020456,12,3
6020456,13,3
6020456,14,4
6020456,15,2
6020456,16,4
6020456,17,2
6020456,19,3
6020456,20,4
6020456,21,3
6020456,22,2
6020456,23,3
6020456,24,4
6020456,25,3
6020456,26,4
6020456,28,5
6020456,29,3
6020456,43,3
6020456,45,3
6020456,52,5
6020456,60,2
6020456,62,1
6020456,63,3
6020456,68,2
6020456,69,2
6020456,71,3
6020456,73,3
6020456,74,2
6020456,77,4
6020071,1,3
6020071,2,3
6020071,3,3
6020071,4,3
6020071,5,3
6020071,6,4
6020071,7,2
6020071,8,3
6020071,9,4
6020071,10,4
6020071,11,3
6020071,12,4
6020071,13,3
6020071,14,5
6020071,15,2
6020071,16,2
6020071,17,2
6020071,19,3
6020071,20,4
6020071,21,4
6020071,22,4
6020071,23,3
6020071,24,4
6020071,25,4
6020071,26,4
6020071,28,3
6020071,29,3
6020071,43,5
6020071,45,3
6020071,52,3
6020071,60,3
6020071,62,2
6020071,63,3
6020071,68,5
6020071,69,3
6020071,71,3
6020071,73,2
6020071,74,4
6020071,77,2
7020085,1,2
7020085,2,2
7020085,3,2
7020085,4,3
7020085,5,2
7020085,6,2
7020085,7,1
7020085,8,1
7020085,9,2
7020085,10,3
7020085,11,4
7020085,12,4
7020085,13,4
7020085,14,3
7020085,15,4
7020085,16,4
7020085,17,1
7020085,19,3
7020085,20,2
7020085,21,3
7020085,22,2
7020085,23,3
7020085,24,3
7020085,25,2
7020085,26,1
7020085,28,3
7020085,29,4
7020085,43,2
7020085,45,3
7020085,52,3
7020085,62,2
7020085,63,3
7020085,67,1
7020085,69,3
7020085,71,3
7020085,73,4
7020085,74,3
7020085,77,2
7020499,1,5.5
7020499,2,5.5
7020499,5,6.4
7020499,6,5.5
7020499,7,6.3
7020499,8,5.6
7020499,10,5.95
7020499,11,5.4
7020499,12,4.9
7020499,13,5.7
7020115,1,2
7020115,2,2
7020115,3,3
7020115,4,2
7020115,5,1
7020115,6,2
7020115,7,2
7020115,8,4
7020115,9,3
7020115,10,3
7020115,11,2
7020115,12,3
7020115,13,3
7020115,14,3
7020115,15,4
7020115,16,2
7020115,17,2
7020115,19,3
7020115,20,4
7020115,21,3
7020115,22,2
7020115,23,2
7020115,24,3
7020115,25,4
7020115,26,4
7020115,29,1
7020115,49,1
7020115,52,4
7020115,62,4
7020115,63,2
7020115,67,1
7020115,69,3
7020115,71,3
7020115,73,2
7020115,74,2
7020115,77,2
7020115,78,2
7020119,1,2
7020119,2,2
7020119,3,1
7020119,4,2
7020119,5,2
7020119,6,4
7020119,7,2
7020119,8,2
7020119,9,3
7020119,10,3
7020119,11,3
7020119,12,4
7020119,13,2
7020119,14,2
7020119,15,1
7020119,16,3
7020119,17,2
7020119,19,2
7020119,20,2
7020119,21,1
7020119,22,3
7020119,23,3
7020119,24,2
7020119,25,1
7020119,26,2
7020119,29,4
7020119,49,1
7020119,52,4
7020119,62,1
7020119,63,3
7020119,67,1
7020119,69,1
7020119,71,2
7020119,73,2
7020119,74,1
7020119,77,1
7020119,78,2
7020121,1,2
7020121,2,2
7020121,3,2
7020121,4,3
7020121,5,2
7020121,6,4
7020121,7,2
7020121,8,2
7020121,9,2
7020121,10,4
7020121,11,4
7020121,12,4
7020121,13,3
7020121,14,4
7020121,15,3
7020121,16,4
7020121,17,2
7020121,19,2
7020121,20,3
7020121,21,3
7020121,22,2
7020121,23,2
7020121,24,4
7020121,25,1
7020121,26,2
7020121,29,3
7020121,49,1
7020121,52,2
7020121,62,4
7020121,63,4
7020121,67,1
7020121,69,2
7020121,71,3
7020121,73,2
7020121,74,3
7020121,77,2
7020121,78,2
6020118,1,2
6020118,2,2
6020118,3,3
6020118,4,4
6020118,5,3
6020118,6,2
6020118,7,2
6020118,8,4
6020118,9,4
6020118,10,3
6020118,11,4
6020118,12,3
6020118,13,3
6020118,14,3
6020118,15,4
6020118,16,4
6020118,17,2
6020118,19,3
6020118,20,2
6020118,21,4
6020118,22,3
6020118,23,2
6020118,24,4
6020118,25,3
6020118,26,4
6020118,28,5
6020118,29,2
6020118,43,2
6020118,45,3
6020118,52,3
6020118,56,3
6020118,60,3
6020118,62,2
6020118,63,3
6020118,64,5
6020118,68,2
6020118,69,4
6020118,71,3
6020118,73,3
6020118,74,3
6020118,77,4
6020119,1,3
6020119,2,3
6020119,3,2
6020119,4,3
6020119,5,2
6020119,6,4
6020119,7,2
6020119,8,4
6020119,9,4
6020119,10,3
6020119,11,2
6020119,12,4
6020119,13,4
6020119,14,2
6020119,15,2
6020119,16,3
6020119,17,4
6020119,19,2
6020119,20,4
6020119,21,4
6020119,22,3
6020119,23,2
6020119,24,4
6020119,25,3
6020119,26,2
6020119,28,3
6020119,29,3
6020119,43,3
6020119,45,1
6020119,52,3
6020119,60,3
6020119,62,4
6020119,63,3
6020119,68,2
6020119,69,4
6020119,71,4
6020119,73,4
6020119,74,2
6020119,77,3
7020118,1,3
7020118,2,3
7020118,3,2
7020118,4,3
7020118,5,2
7020118,6,2
7020118,7,3
7020118,8,2
7020118,9,3
7020118,10,3
7020118,11,4
7020118,12,3
7020118,13,2
7020118,14,2
7020118,15,1
7020118,16,3
7020118,17,2
7020118,19,2
7020118,20,2
7020118,21,2
7020118,22,1
7020118,23,2
7020118,24,4
7020118,25,2
7020118,26,2
7020118,29,1
7020118,49,2
7020118,52,4
7020118,62,2
7020118,63,3
7020118,67,1
7020118,69,2
7020118,71,2
7020118,73,3
7020118,74,1
7020118,77,1
7020118,78,3
5020147,1,2
5020147,2,2
5020147,3,3
5020147,4,3
5020147,5,2
5020147,6,4
5020147,7,2
5020147,8,2
5020147,9,3
5020147,10,3
5020147,11,4
5020147,12,2
5020147,13,3
5020147,14,3
5020147,15,4
5020147,16,4
5020147,17,3
5020147,19,3
5020147,20,2
5020147,21,4
5020147,22,3
5020147,23,3
5020147,24,3
5020147,25,4
5020147,26,2
5020147,28,4
5020147,29,4
5020147,43,4
5020147,45,3
5020147,52,4
5020147,60,2
5020147,62,4
5020147,63,3
5020147,68,2
5020147,69,3
5020147,71,4
5020147,73,5
5020147,74,4
5020147,77,2
7020512,1,3
7020512,2,3
7020512,3,2
7020512,4,3
7020512,5,3
7020512,6,2
7020512,7,2
7020512,8,2
7020512,9,2
7020512,10,3
7020512,11,2
7020512,12,4
7020512,13,3
7020512,14,3
7020512,15,2
7020512,16,4
7020512,17,1
7020512,19,3
7020512,20,4
7020512,21,2
7020512,22,3
7020512,23,2
7020512,24,4
7020512,25,3
7020512,26,3
7020512,28,4
7020512,29,4
7020512,43,3
7020512,45,4
7020512,52,3
7020512,62,2
7020512,63,2
7020512,67,2
7020512,69,3
7020512,71,4
7020512,73,3
7020512,74,2
7020512,77,2
7020515,1,2
7020515,2,2
7020515,3,2
7020515,4,2
7020515,5,2
7020515,6,4
7020515,7,2
7020515,8,2
7020515,9,3
7020515,10,3
7020515,11,3
7020515,12,4
7020515,13,4
7020515,14,3
7020515,15,1
7020515,16,3
7020515,17,2
7020515,19,2
7020515,20,2
7020515,21,3
7020515,22,1
7020515,23,2
7020515,24,3
7020515,25,1
7020515,26,2
7020515,28,2
7020515,29,1
7020515,49,1
7020515,52,4
7020515,62,2
7020515,63,3
7020515,67,1
7020515,69,2
7020515,71,1
7020515,73,2
7020515,74,2
7020515,77,1
7020515,78,3
7020134,1,2
7020134,2,2
7020134,4,5
7020134,5,3
7020134,6,2
7020134,7,2
7020134,8,3
7020134,9,3
7020134,10,3
7020134,11,4
7020134,12,4
7020134,13,4
7020134,14,3
7020134,15,3
7020134,16,5
7020134,17,2
7020134,19,3
7020134,20,3
7020134,21,4
7020134,22,3
7020134,23,3
7020134,24,5
7020134,25,3
7020134,26,4
7020134,52,5
7020134,62,5
7020134,69,3
7020134,71,5
7020134,73,5
7020134,74,5
7020134,77,3
5020170,1,4
5020170,2,4
5020170,3,2
5020170,4,2
5020170,5,3
5020170,6,4
5020170,7,2
5020170,8,4
5020170,9,4
5020170,10,3
5020170,11,4
5020170,12,1
5020170,13,4
5020170,14,3
5020170,15,4
5020170,16,4
5020170,17,3
5020170,19,2
5020170,20,4
5020170,21,4
5020170,22,3
5020170,23,3
5020170,24,3
5020170,25,4
5020170,26,4
5020170,28,4
5020170,29,1
5020170,43,4
5020170,45,4
5020170,52,3
5020170,60,3
5020170,62,4
5020170,63,3
5020170,68,2
5020170,69,3
5020170,71,3
5020170,73,4
5020170,74,2
5020170,77,3
7020542,1,2
7020542,2,2
7020542,3,2
7020542,4,3
7020542,5,2
7020542,6,3
7020542,7,3
7020542,8,3
7020542,9,3
7020542,10,2
7020542,11,2
7020542,12,1
7020542,13,3
7020542,14,3
7020542,15,4
7020542,16,5
7020542,17,2
7020542,19,3
7020542,20,4
7020542,21,4
7020542,22,2
7020542,23,3
7020542,24,5
7020542,25,1
7020542,26,3
7020542,29,2
7020542,52,3
7020542,53,3
7020542,56,2
7020542,58,3
7020542,60,3
7020542,62,2
7020542,63,3
7020542,68,3
7020542,69,2
7020542,71,3
7020542,73,3
7020542,74,4
7020542,77,2
7020172,1,2
7020172,2,2
7020172,3,2
7020172,4,3
7020172,5,3
7020172,6,2
7020172,7,3
7020172,8,3
7020172,9,3
7020172,10,2
7020172,11,3
7020172,12,3
7020172,13,4
7020172,14,4
7020172,15,3
7020172,16,3
7020172,17,2
7020172,19,2
7020172,20,3
7020172,21,3
7020172,22,1
7020172,23,3
7020172,24,4
7020172,25,3
7020172,26,2
7020172,29,1
7020172,52,4
7020172,53,3
7020172,56,3
7020172,58,3
7020172,62,3
7020172,63,3
7020172,67,1
7020172,69,3
7020172,71,4
7020172,73,4
7020172,74,3
7020172,77,2
5020197,1,3
5020197,2,3
5020197,3,3
5020197,4,3
5020197,5,3
5020197,6,4
5020197,7,4
5020197,8,4
5020197,9,4
5020197,10,3
5020197,11,2
5020197,12,3
5020197,13,3
5020197,14,3
5020197,15,4
5020197,16,4
5020197,17,4
5020197,19,4
5020197,20,3
5020197,21,4
5020197,22,3
5020197,23,4
5020197,24,5
5020197,25,3
5020197,26,4
5020197,28,5
5020197,29,2
5020197,43,3
5020197,45,3
5020197,52,3
5020197,60,4
5020197,62,2
5020197,63,2
5020197,68,2
5020197,69,2
5020197,71,4
5020197,73,3
5020197,74,4
5020197,77,4
7020507,1,3
7020507,2,3
7020507,3,2
7020507,4,3
7020507,5,4
7020507,6,4
7020507,7,2
7020507,8,3
7020507,9,4
7020507,10,3
7020507,11,3
7020507,12,3
7020507,13,3
7020507,14,4
7020507,15,3
7020507,16,4
7020507,17,2
7020507,19,3
7020507,20,3
7020507,21,3
7020507,22,3
7020507,23,3
7020507,24,4
7020507,25,3
7020507,26,3
7020507,29,4
7020507,49,3
7020507,52,4
7020507,62,2
7020507,63,4
7020507,67,1
7020507,69,3
7020507,71,4
7020507,73,3
7020507,74,2
7020507,77,2
7020507,78,3
7020185,1,3
7020185,2,3
7020185,3,3
7020185,4,3
7020185,5,2
7020185,6,4
7020185,7,2
7020185,8,3
7020185,9,4
7020185,10,4
7020185,11,4
7020185,12,4
7020185,13,4
7020185,14,4
7020185,15,3
7020185,16,1
7020185,17,3
7020185,19,4
7020185,20,3
7020185,21,2
7020185,22,5
7020185,23,3
7020185,24,2
7020185,25,4
7020185,26,3
7020185,29,4
7020185,49,1
7020185,51,2
7020185,52,4
7020185,60,3
7020185,62,4
7020185,63,4
7020185,68,1
7020185,69,2
7020185,71,4
7020185,73,2
7020185,74,3
7020185,77,2
7020185,78,3
6020469,1,4
6020469,2,4
6020469,3,3
6020469,4,3
6020469,5,3
6020469,6,4
6020469,7,3
6020469,8,4
6020469,9,4
6020469,10,3
6020469,11,1
6020469,12,4
6020469,13,2
6020469,14,3
6020469,15,2
6020469,16,4
6020469,17,4
6020469,19,3
6020469,20,2
6020469,21,4
6020469,22,4
6020469,23,3
6020469,24,1
6020469,25,3
6020469,26,4
6020469,28,5
6020469,29,3
6020469,43,3
6020469,45,3
6020469,52,4
6020469,60,3
6020469,62,4
6020469,63,4
6020469,68,3
6020469,69,3
6020469,71,2
6020469,73,4
6020469,74,2
6020469,77,3
7020504,1,3
7020504,2,3
7020504,3,2
7020504,4,3
7020504,5,3
7020504,6,3
7020504,7,3
7020504,8,3
7020504,9,3
7020504,10,3
7020504,11,3
7020504,12,3
7020504,13,4
7020504,14,3
7020504,15,4
7020504,16,3
7020504,17,3
7020504,19,4
7020504,20,4
7020504,21,3
7020504,22,2
7020504,23,4
7020504,24,4
7020504,25,4
7020504,26,4
7020504,28,5
7020504,29,4
7020504,43,3
7020504,45,3
7020504,52,4
7020504,60,4
7020504,62,2
7020504,63,4
7020504,68,4
7020504,69,3
7020504,70,4
7020504,71,2
7020504,73,3
7020504,74,2
7020504,77,3
7020225,1,3
7020225,2,3
7020225,3,2
7020225,4,2
7020225,5,1
7020225,6,4
7020225,7,3
7020225,8,3
7020225,9,3
7020225,10,2
7020225,11,4
7020225,12,4
7020225,13,2
7020225,14,3
7020225,15,3
7020225,16,4
7020225,17,1
7020225,19,1
7020225,20,4
7020225,21,4
7020225,22,4
7020225,23,3
7020225,24,4
7020225,25,3
7020225,26,4
7020225,29,1
7020225,49,3
7020225,52,3
7020225,53,4
7020225,60,4
7020225,62,3
7020225,63,3
7020225,68,1
7020225,69,2
7020225,71,4
7020225,73,3
7020225,74,2
7020225,77,2
7020225,78,3
7020532,1,2
7020532,2,2
7020532,3,2
7020532,4,2
7020532,5,3
7020532,6,2
7020532,7,2
7020532,8,3
7020532,9,3
7020532,10,1
7020532,11,2
7020532,12,3
7020532,13,3
7020532,14,3
7020532,15,2
7020532,16,4
7020532,17,1
7020532,19,3
7020532,20,2
7020532,21,3
7020532,22,2
7020532,23,2
7020532,24,4
7020532,25,2
7020532,26,3
7020532,28,3
7020532,29,4
7020532,43,1
7020532,45,2
7020532,52,2
7020532,62,2
7020532,63,3
7020532,67,1
7020532,69,2
7020532,71,2
7020532,73,2
7020532,74,2
7020532,77,1
7020229,1,3
7020229,2,3
7020229,3,2
7020229,4,3
7020229,5,3
7020229,6,1
7020229,7,2
7020229,8,3
7020229,9,3
7020229,10,2
7020229,11,3
7020229,12,3
7020229,13,3
7020229,14,4
7020229,15,4
7020229,16,4
7020229,17,3
7020229,19,2
7020229,20,3
7020229,21,4
7020229,22,4
7020229,23,3
7020229,24,3
7020229,25,3
7020229,26,4
7020229,29,3
7020229,49,2
7020229,52,4
7020229,60,3
7020229,62,3
7020229,63,3
7020229,68,1
7020229,69,3
7020229,71,4
7020229,73,4
7020229,74,2
7020229,77,2
7020229,78,3
7020540,1,3
7020540,2,3
7020540,3,2
7020540,4,3
7020540,5,2
7020540,6,3
7020540,7,3
7020540,8,4
7020540,9,4
7020540,10,3
7020540,11,2
7020540,12,4
7020540,13,3
7020540,14,3
7020540,15,4
7020540,16,3
7020540,17,2
7020540,19,3
7020540,20,2
7020540,21,4
7020540,22,5
7020540,23,3
7020540,24,3
7020540,25,4
7020540,26,2
7020540,29,3
7020540,52,4
7020540,53,4
7020540,56,2
7020540,58,3
7020540,60,2
7020540,62,4
7020540,63,3
7020540,68,1
7020540,69,3
7020540,71,4
7020540,73,3
7020540,74,2
7020540,77,3
7020537,1,3
7020537,2,3
7020537,3,2
7020537,4,2
7020537,5,3
7020537,6,3
7020537,7,3
7020537,8,3
7020537,9,4
7020537,10,3
7020537,11,4
7020537,12,3
7020537,13,3
7020537,14,4
7020537,15,3
7020537,16,4
7020537,17,2
7020537,19,2
7020537,20,3
7020537,21,4
7020537,22,3
7020537,23,3
7020537,24,4
7020537,25,3
7020537,26,3
7020537,29,3
7020537,49,2
7020537,52,2
7020537,58,4
7020537,60,3
7020537,62,3
7020537,63,4
7020537,68,2
7020537,69,1
7020537,71,3
7020537,73,3
7020537,74,2
7020537,77,2
7020537,78,3
7020274,1,2
7020274,2,2
7020274,3,2
7020274,4,3
7020274,5,3
7020274,6,3
7020274,7,2
7020274,8,2
7020274,9,3
7020274,10,2
7020274,11,3
7020274,12,2
7020274,13,3
7020274,14,3
7020274,15,1
7020274,16,4
7020274,17,3
7020274,19,2
7020274,20,1
7020274,21,3
7020274,22,4
7020274,23,4
7020274,24,4
7020274,25,2
7020274,26,2
7020274,28,2
7020274,29,2
7020274,43,2
7020274,52,4
7020274,62,2
7020274,63,3
7020274,64,2
7020274,67,1
7020274,69,2
7020274,71,3
7020274,73,2
7020274,74,3
7020274,77,2
7020513,1,7.8
7020513,2,7.8
7020513,5,6.7
7020513,6,7.1
7020513,7,7.6
7020513,8,7.1
7020513,10,7.1
7020513,11,6.9
7020513,12,6.1
7020513,13,6.8
7020287,1,3
7020287,2,3
7020287,3,2
7020287,4,3
7020287,5,1
7020287,6,2
7020287,7,2
7020287,8,2
7020287,9,3
7020287,10,3
7020287,11,2
7020287,12,4
7020287,13,4
7020287,14,4
7020287,15,3
7020287,16,2
7020287,17,4
7020287,19,3
7020287,20,1
7020287,21,2
7020287,22,1
7020287,23,1
7020287,24,2
7020287,25,1
7020287,26,2
7020287,29,2
7020287,52,3
7020287,62,1
7020287,63,1
7020287,64,3
7020287,67,1
7020287,69,3
7020287,70,2
7020287,71,2
7020287,73,2
7020287,74,2
7020287,76,2
7020287,77,2
7020294,1,2
7020294,2,2
7020294,3,2
7020294,4,3
7020294,5,2
7020294,6,1
7020294,7,2
7020294,8,3
7020294,9,3
7020294,10,2
7020294,11,3
7020294,12,3
7020294,13,4
7020294,14,3
7020294,15,4
7020294,16,3
7020294,17,1
7020294,19,2
7020294,20,3
7020294,21,4
7020294,22,4
7020294,23,4
7020294,24,2
7020294,25,3
7020294,26,2
7020294,29,3
7020294,49,3
7020294,51,2
7020294,52,4
7020294,60,2
7020294,62,2
7020294,63,3
7020294,68,1
7020294,69,2
7020294,71,3
7020294,73,3
7020294,74,2
7020294,77,3
7020294,78,2
7020548,1,3
7020548,2,3
7020548,3,2
7020548,4,3
7020548,5,4
7020548,6,2
7020548,7,2
7020548,8,3
7020548,9,3
7020548,10,4
7020548,11,3
7020548,12,1
7020548,13,2
7020548,14,4
7020548,15,3
7020548,16,4
7020548,17,2
7020548,19,3
7020548,20,2
7020548,21,2
7020548,22,4
7020548,23,3
7020548,24,2
7020548,25,2
7020548,26,3
7020548,28,3
7020548,29,3
7020548,45,2
7020548,52,2
7020548,60,2
7020548,62,2
7020548,63,2
7020548,68,2
7020548,69,3
7020548,71,3
7020548,73,3
7020548,74,2
7020548,77,2
7020548,78,2
6020277,1,2
6020277,2,2
6020277,3,2
6020277,4,3
6020277,5,3
6020277,6,2
6020277,7,3
6020277,8,4
6020277,9,4
6020277,10,3
6020277,11,3
6020277,12,4
6020277,13,3
6020277,14,3
6020277,15,2
6020277,16,4
6020277,17,2
6020277,19,3
6020277,20,4
6020277,21,4
6020277,22,2
6020277,23,3
6020277,24,3
6020277,25,3
6020277,26,3
6020277,29,3
6020277,52,4
6020277,62,1
6020277,63,2
6020277,64,3
6020277,67,1
6020277,69,3
6020277,70,3
6020277,71,3
6020277,73,2
6020277,74,2
6020277,76,3
6020277,77,1
6020280,1,3
6020280,2,3
6020280,3,2
6020280,4,3
6020280,5,3
6020280,6,3
6020280,7,2
6020280,8,3
6020280,9,4
6020280,10,3
6020280,11,3
6020280,12,4
6020280,13,3
6020280,14,4
6020280,15,4
6020280,16,3
6020280,17,3
6020280,19,3
6020280,20,2
6020280,21,3
6020280,22,1
6020280,23,4
6020280,24,3
6020280,25,3
6020280,26,4
6020280,29,2
6020280,52,2
6020280,53,2
6020280,56,3
6020280,58,4
6020280,60,3
6020280,62,2
6020280,63,3
6020280,68,4
6020280,69,3
6020280,71,3
6020280,73,3
6020280,74,2
6020280,77,2
7020309,1,3
7020309,2,3
7020309,3,2
7020309,4,3
7020309,5,2
7020309,6,1
7020309,7,3
7020309,8,3
7020309,9,3
7020309,10,3
7020309,11,4
7020309,12,3
7020309,13,4
7020309,14,3
7020309,15,4
7020309,16,3
7020309,17,3
7020309,19,2
7020309,20,3
7020309,21,4
7020309,22,2
7020309,23,2
7020309,24,1
7020309,25,3
7020309,26,1
7020309,28,4
7020309,29,3
7020309,43,3
7020309,45,3
7020309,52,4
7020309,62,2
7020309,63,3
7020309,67,1
7020309,69,3
7020309,71,2
7020309,73,2
7020309,74,3
7020309,77,3
7020337,1,2
7020337,2,2
7020337,3,2
7020337,4,3
7020337,5,2
7020337,6,1
7020337,7,4
7020337,8,3
7020337,9,3
7020337,10,2
7020337,11,2
7020337,12,2
7020337,13,1
7020337,14,2
7020337,15,1
7020337,16,1
7020337,17,2
7020337,19,2
7020337,20,1
7020337,21,1
7020337,22,2
7020337,23,2
7020337,24,2
7020337,25,3
7020337,26,2
7020337,29,2
7020337,49,2
7020337,52,3
7020337,60,2
7020337,62,3
7020337,63,3
7020337,68,2
7020337,69,3
7020337,71,2
7020337,73,3
7020337,74,2
7020337,77,2
7020337,78,4
7020327,1,3
7020327,2,3
7020327,3,2
7020327,4,3
7020327,5,1
7020327,6,4
7020327,7,2
7020327,8,2
7020327,9,3
7020327,10,2
7020327,11,3
7020327,12,3
7020327,13,4
7020327,14,3
7020327,15,4
7020327,16,2
7020327,17,2
7020327,19,3
7020327,20,3
7020327,21,3
7020327,22,3
7020327,23,2
7020327,24,3
7020327,25,2
7020327,26,2
7020327,29,1
7020327,52,4
7020327,53,3
7020327,56,1
7020327,58,3
7020327,62,2
7020327,63,3
7020327,67,1
7020327,69,2
7020327,71,3
7020327,73,1
7020327,74,2
7020327,77,2
7020535,1,3
7020535,2,3
7020535,3,3
7020535,4,2
7020535,5,3
7020535,6,3
7020535,7,3
7020535,8,3
7020535,9,4
7020535,10,4
7020535,11,3
7020535,12,1
7020535,13,4
7020535,14,3
7020535,15,3
7020535,16,4
7020535,17,2
7020535,19,3
7020535,20,3
7020535,21,3
7020535,22,4
7020535,23,3
7020535,24,2
7020535,25,3
7020535,26,2
7020535,28,3
7020535,29,3
7020535,43,3
7020535,45,3
7020535,52,4
7020535,60,2
7020535,62,3
7020535,63,4
7020535,68,4
7020535,69,3
7020535,71,3
7020535,73,5
7020535,74,2
7020535,77,2
6020313,1,3
6020313,2,3
6020313,3,3
6020313,4,2
6020313,5,4
6020313,6,4
6020313,7,2
6020313,8,4
6020313,9,3
6020313,10,3
6020313,11,4
6020313,12,4
6020313,13,3
6020313,14,4
6020313,15,3
6020313,16,4
6020313,17,4
6020313,19,2
6020313,20,4
6020313,21,4
6020313,22,5
6020313,23,4
6020313,24,1
6020313,25,3
6020313,26,4
6020313,28,5
6020313,29,3
6020313,43,3
6020313,45,3
6020313,52,4
6020313,60,2
6020313,62,2
6020313,63,4
6020313,68,3
6020313,69,3
6020313,71,3
6020313,73,4
6020313,74,3
6020313,77,3
6020314,1,3
6020314,2,3
6020314,3,2
6020314,4,3
6020314,5,3
6020314,6,2
6020314,7,4
6020314,8,4
6020314,9,4
6020314,10,3
6020314,11,3
6020314,12,4
6020314,13,3
6020314,14,3
6020314,15,4
6020314,16,3
6020314,17,3
6020314,19,3
6020314,20,4
6020314,21,4
6020314,22,2
6020314,23,2
6020314,24,3
6020314,25,2
6020314,26,3
6020314,28,4
6020314,29,2
6020314,43,3
6020314,45,3
6020314,52,4
6020314,60,2
6020314,62,3
6020314,63,4
6020314,68,2
6020314,69,2
6020314,71,2
6020314,73,3
6020314,74,2
6020314,77,2
6020515,1,2
6020515,2,2
6020515,3,3
6020515,4,3
6020515,5,2
6020515,6,3
6020515,7,3
6020515,8,4
6020515,9,4
6020515,10,3
6020515,11,2
6020515,12,3
6020515,13,3
6020515,14,3
6020515,15,4
6020515,16,4
6020515,17,3
6020515,19,3
6020515,20,4
6020515,21,3
6020515,22,3
6020515,23,2
6020515,24,2
6020515,25,2
6020515,26,4
6020515,28,4
6020515,29,3
6020515,43,3
6020515,45,2
6020515,52,3
6020515,62,3
6020515,63,3
6020515,67,1
6020515,69,2
6020515,71,3
6020515,73,3
6020515,74,2
6020515,77,1
7020352,1,3
7020352,2,3
7020352,3,2
7020352,4,4
7020352,5,2
7020352,6,3
7020352,7,3
7020352,8,4
7020352,9,3
7020352,10,4
7020352,11,2
7020352,12,4
7020352,13,2
7020352,14,4
7020352,15,4
7020352,16,3
7020352,17,2
7020352,19,3
7020352,20,4
7020352,21,4
7020352,22,4
7020352,23,2
7020352,24,3
7020352,25,3
7020352,26,3
7020352,29,3
7020352,52,3
7020352,53,2
7020352,56,2
7020352,58,4
7020352,60,1
7020352,62,2
7020352,63,3
7020352,68,2
7020352,69,3
7020352,71,4
7020352,73,3
7020352,74,2
7020352,77,3
7020353,1,2
7020353,2,2
7020353,3,3
7020353,4,2
7020353,5,1
7020353,6,2
7020353,7,2
7020353,8,2
7020353,9,3
7020353,10,3
7020353,11,4
7020353,12,4
7020353,13,4
7020353,14,4
7020353,15,4
7020353,16,4
7020353,17,2
7020353,19,3
7020353,20,1
7020353,21,4
7020353,22,1
7020353,23,2
7020353,24,1
7020353,25,2
7020353,26,3
7020353,29,2
7020353,52,1
7020353,62,4
7020353,63,1
7020353,64,3
7020353,67,1
7020353,69,3
7020353,70,3
7020353,71,3
7020353,73,2
7020353,74,1
7020353,76,4
7020353,77,3
6020325,1,7
6020325,2,7
6020325,5,5
6020325,6,5
6020325,7,5
6020325,8,6
6020325,10,5
6020325,11,6
6020325,12,5
6020325,13,7
7020534,1,3
7020534,2,3
7020534,3,2
7020534,4,3
7020534,5,2
7020534,6,2
7020534,7,3
7020534,8,3
7020534,9,4
7020534,10,3
7020534,11,4
7020534,12,3
7020534,13,4
7020534,14,4
7020534,15,4
7020534,16,3
7020534,17,2
7020534,19,3
7020534,20,3
7020534,21,4
7020534,22,3
7020534,23,2
7020534,24,1
7020534,25,3
7020534,26,2
7020534,29,1
7020534,49,3
7020534,52,3
7020534,58,4
7020534,60,1
7020534,62,3
7020534,63,4
7020534,68,2
7020534,69,3
7020534,71,3
7020534,73,4
7020534,74,3
7020534,77,3
6020339,1,3
6020339,2,3
6020339,3,2
6020339,4,3
6020339,5,4
6020339,6,1
6020339,7,3
6020339,8,3
6020339,9,4
6020339,10,3
6020339,11,2
6020339,12,4
6020339,13,4
6020339,14,4
6020339,15,4
6020339,16,3
6020339,17,3
6020339,19,3
6020339,20,3
6020339,21,3
6020339,22,3
6020339,23,2
6020339,24,4
6020339,25,3
6020339,26,2
6020339,28,5
6020339,29,3
6020339,43,3
6020339,45,3
6020339,52,3
6020339,60,2
6020339,62,2
6020339,63,4
6020339,68,2
6020339,69,3
6020339,71,3
6020339,73,4
6020339,74,4
6020339,77,3
7020375,1,3
7020375,2,3
7020375,3,2
7020375,4,3
7020375,5,2
7020375,6,2
7020375,7,1
7020375,8,2
7020375,9,2
7020375,10,3
7020375,11,4
7020375,12,4
7020375,13,4
7020375,14,2
7020375,15,2
7020375,16,2
7020375,17,1
7020375,19,1
7020375,20,1
7020375,21,3
7020375,22,3
7020375,23,2
7020375,24,2
7020375,25,3
7020375,26,1
7020375,29,2
7020375,49,1
7020375,52,2
7020375,62,3
7020375,63,3
7020375,67,1
7020375,69,2
7020375,71,4
7020375,73,3
7020375,74,2
7020375,77,2
7020375,78,2
7020497,1,2
7020497,2,2
7020497,3,2
7020497,4,2
7020497,5,2
7020497,6,2
7020497,7,1
7020497,8,2
7020497,9,2
7020497,10,3
7020497,11,4
7020497,12,4
7020497,13,2
7020497,14,3
7020497,15,2
7020497,16,1
7020497,17,2
7020497,19,1
7020497,20,1
7020497,21,4
7020497,22,1
7020497,23,3
7020497,24,2
7020497,25,2
7020497,26,2
7020497,29,3
7020497,52,3
7020497,62,1
7020497,63,2
7020497,64,3
7020497,67,1
7020497,69,2
7020497,70,3
7020497,71,3
7020497,73,2
7020497,74,2
7020497,76,2
7020497,77,2
7020506,1,2
7020506,2,2
7020506,3,2
7020506,4,3
7020506,5,3
7020506,6,3
7020506,7,2
7020506,8,3
7020506,9,3
7020506,10,2
7020506,11,3
7020506,12,3
7020506,13,3
7020506,14,2
7020506,15,4
7020506,16,1
7020506,17,1
7020506,19,2
7020506,20,1
7020506,21,3
7020506,22,2
7020506,23,2
7020506,24,2
7020506,25,3
7020506,26,1
7020506,29,2
7020506,49,1
7020506,52,3
7020506,62,2
7020506,63,3
7020506,67,1
7020506,69,2
7020506,71,3
7020506,73,3
7020506,74,2
7020506,77,1
7020506,78,2
7020571,1,2
7020571,2,2
7020571,3,1
7020571,4,3
7020571,5,4
7020571,6,3
7020571,7,4
7020571,8,3
7020571,9,4
7020571,10,2
7020571,11,2
7020571,12,4
7020571,13,4
7020571,14,2
7020571,15,1
7020571,16,3
7020571,17,1
7020571,19,1
7020571,20,2
7020571,21,1
7020571,22,1
7020571,23,3
7020571,24,2
7020571,25,2
7020571,26,2
7020571,29,3
7020571,52,3
7020571,53,2
7020571,56,1
7020571,58,3
7020571,62,3
7020571,63,3
7020571,67,1
7020571,69,2
7020571,71,2
7020571,73,2
7020571,74,2
7020571,77,2
6020523,1,7
6020523,2,7
6020523,5,7
6020523,6,5
6020523,7,6
6020523,8,5
6020523,10,5.5
6020523,12,6
6020523,13,5
5020405,1,2
5020405,2,2
5020405,3,4
5020405,4,3
5020405,5,2
5020405,6,1
5020405,7,3
5020405,8,4
5020405,9,4
5020405,10,4
5020405,11,3
5020405,12,4
5020405,13,4
5020405,14,3
5020405,15,4
5020405,16,4
5020405,17,4
5020405,19,3
5020405,20,4
5020405,21,2
5020405,22,2
5020405,23,4
5020405,24,2
5020405,25,3
5020405,26,2
5020405,28,5
5020405,29,1
5020405,43,3
5020405,45,2
5020405,52,4
5020405,60,2
5020405,62,3
5020405,63,4
5020405,68,2
5020405,69,4
5020405,71,2
5020405,73,4
5020405,74,2
5020405,77,4
7020411,1,7
7020411,2,7
7020411,5,9.6
7020411,6,6
7020411,7,6.5
7020411,8,6.7
7020411,10,6.25
7020411,11,4.2
7020411,12,4
7020411,13,5.1
7020545,1,3
7020545,2,3
7020545,3,2
7020545,4,3
7020545,5,2
7020545,6,3
7020545,7,3
7020545,8,3
7020545,9,3
7020545,10,3
7020545,11,1
7020545,12,4
7020545,13,3
7020545,14,2
7020545,15,2
7020545,16,1
7020545,17,1
7020545,19,1
7020545,20,1
7020545,21,3
7020545,22,2
7020545,23,2
7020545,24,3
7020545,25,2
7020545,26,2
7020545,29,1
7020545,52,2
7020545,53,2
7020545,56,1
7020545,58,4
7020545,62,2
7020545,63,2
7020545,67,2
7020545,69,3
7020545,71,2
7020545,73,3
7020545,74,2
7020545,77,1
7020498,1,3
7020498,2,3
7020498,3,2
7020498,4,3
7020498,5,2
7020498,6,2
7020498,7,3
7020498,8,3
7020498,9,4
7020498,10,4
7020498,11,4
7020498,12,2
7020498,13,4
7020498,14,4
7020498,15,4
7020498,16,4
7020498,17,2
7020498,19,3
7020498,20,3
7020498,21,4
7020498,22,2
7020498,23,2
7020498,24,4
7020498,25,3
7020498,26,3
7020498,29,4
7020498,52,4
7020498,53,5
7020498,56,4
7020498,58,4
7020498,60,2
7020498,62,2
7020498,63,4
7020498,68,3
7020498,69,3
7020498,70,3
7020498,71,3
7020498,73,3
7020498,74,2
7020498,77,2
7020432,1,2
7020432,2,2
7020432,3,2
7020432,4,3
7020432,5,2
7020432,6,4
7020432,7,3
7020432,8,3
7020432,9,4
7020432,10,3
7020432,11,4
7020432,12,3
7020432,13,4
7020432,14,3
7020432,15,3
7020432,16,3
7020432,17,2
7020432,19,3
7020432,20,1
7020432,21,4
7020432,22,4
7020432,23,3
7020432,24,2
7020432,25,2
7020432,26,1
7020432,28,2
7020432,29,1
7020432,43,2
7020432,45,3
7020432,52,4
7020432,62,3
7020432,63,3
7020432,67,1
7020432,69,3
7020432,71,3
7020432,73,2
7020432,74,1
7020432,77,1
7020437,1,3
7020437,2,3
7020437,3,3
7020437,4,3
7020437,5,3
7020437,6,4
7020437,7,3
7020437,8,3
7020437,9,4
7020437,10,4
7020437,11,3
7020437,12,4
7020437,13,4
7020437,14,3
7020437,15,4
7020437,16,2
7020437,17,2
7020437,19,3
7020437,20,4
7020437,21,3
7020437,22,3
7020437,23,3
7020437,24,3
7020437,25,4
7020437,26,2
7020437,28,4
7020437,29,1
7020437,43,2
7020437,45,3
7020437,52,4
7020437,60,3
7020437,62,2
7020437,63,3
7020437,68,1
7020437,69,4
7020437,71,4
7020437,73,3
7020437,74,3
7020437,77,3
7020543,1,7.2
7020543,2,7.2
7020543,5,6.4
7020543,6,5.7
7020543,7,6.5
7020543,8,6.3
7020543,10,5.65
7020543,11,4.3
7020543,12,5
7020543,13,5.1
7020443,1,3
7020443,2,3
7020443,3,2
7020443,4,3
7020443,5,2
7020443,6,2
7020443,7,3
7020443,8,3
7020443,9,3
7020443,10,4
7020443,11,3
7020443,12,4
7020443,13,3
7020443,14,3
7020443,15,3
7020443,16,1
7020443,17,2
7020443,19,1
7020443,20,2
7020443,21,4
7020443,22,4
7020443,23,3
7020443,24,1
7020443,25,2
7020443,26,2
7020443,29,3
7020443,49,2
7020443,52,3
7020443,62,2
7020443,63,3
7020443,67,1
7020443,69,2
7020443,71,2
7020443,73,2
7020443,74,2
7020443,77,1
7020443,78,2
5020438,1,2
5020438,2,2
5020438,3,3
5020438,4,4
5020438,5,2
5020438,6,4
5020438,7,4
5020438,8,4
5020438,9,4
5020438,10,4
5020438,11,3
5020438,12,4
5020438,13,4
5020438,14,4
5020438,15,4
5020438,16,4
5020438,17,2
5020438,19,4
5020438,20,1
5020438,21,4
5020438,22,3
5020438,23,4
5020438,24,4
5020438,25,4
5020438,26,2
5020438,28,5
5020438,29,3
5020438,43,3
5020438,45,2
5020438,52,4
5020438,60,1
5020438,62,3
5020438,63,5
5020438,68,2
5020438,69,3
5020438,71,4
5020438,73,4
5020438,74,3
5020438,77,4
7020549,1,3
7020549,2,3
7020549,3,2
7020549,4,3
7020549,5,2
7020549,6,3
7020549,7,4
7020549,8,4
7020549,9,4
7020549,10,3
7020549,11,3
7020549,12,4
7020549,13,3
7020549,14,3
7020549,15,3
7020549,16,3
7020549,17,2
7020549,19,2
7020549,20,4
7020549,21,3
7020549,22,2
7020549,23,2
7020549,24,1
7020549,25,3
7020549,26,2
7020549,29,2
7020549,49,3
7020549,52,4
7020549,58,3
7020549,60,2
7020549,62,4
7020549,63,3
7020549,68,1
7020549,69,2
7020549,71,3
7020549,73,3
7020549,74,2
7020549,77,3
7020549,78,3
7020495,1,3
7020495,2,3
7020495,3,2
7020495,4,3
7020495,5,2
7020495,6,3
7020495,7,4
7020495,8,4
7020495,9,4
7020495,10,3
7020495,11,2
7020495,12,4
7020495,13,4
7020495,14,3
7020495,15,4
7020495,16,3
7020495,17,4
7020495,19,3
7020495,20,4
7020495,21,4
7020495,22,2
7020495,23,3
7020495,24,3
7020495,25,3
7020495,26,2
7020495,28,3
7020495,29,2
7020495,43,4
7020495,45,4
7020495,52,2
7020495,60,2
7020495,62,3
7020495,63,4
7020495,68,4
7020495,69,2
7020495,71,3
7020495,73,3
7020495,74,2
7020495,77,3
5020456,1,3
5020456,2,3
5020456,3,5
5020456,4,2
5020456,5,3
5020456,6,4
5020456,7,2
5020456,8,2
5020456,9,3
5020456,10,4
5020456,11,3
5020456,12,2
5020456,13,3
5020456,14,3
5020456,15,4
5020456,16,4
5020456,17,2
5020456,19,4
5020456,20,2
5020456,21,2
5020456,22,5
5020456,23,4
5020456,24,5
5020456,25,4
5020456,26,4
5020456,29,5
5020456,52,4
5020456,62,5
5020456,63,5
5020456,64,5
5020456,69,3
5020456,70,5
5020456,71,3
5020456,73,4
5020456,74,4
5020456,76,5
5020456,77,4
6020413,1,2
6020413,2,2
6020413,3,2
6020413,4,3
6020413,5,2
6020413,6,3
6020413,7,2
6020413,8,4
6020413,9,3
6020413,10,2
6020413,11,3
6020413,12,4
6020413,13,2
6020413,14,3
6020413,15,4
6020413,16,4
6020413,17,2
6020413,19,3
6020413,20,4
6020413,21,3
6020413,22,4
6020413,23,2
6020413,24,5
6020413,25,3
6020413,26,4
6020413,29,3
6020413,49,2
6020413,51,5
6020413,52,4
6020413,60,3
6020413,62,4
6020413,63,3
6020413,68,2
6020413,69,3
6020413,71,3
6020413,73,3
6020413,74,3
6020413,77,4
6020413,78,3
7020508,1,3
7020508,2,3
7020508,3,2
7020508,4,2
7020508,5,2
7020508,6,3
7020508,7,3
7020508,8,3
7020508,9,4
7020508,10,3
7020508,11,3
7020508,12,3
7020508,13,4
7020508,14,3
7020508,15,1
7020508,16,3
7020508,17,3
7020508,19,1
7020508,20,2
7020508,21,3
7020508,22,4
7020508,23,2
7020508,24,1
7020508,25,2
7020508,26,2
7020508,29,1
7020508,52,3
7020508,53,2
7020508,56,2
7020508,58,3
7020508,62,4
7020508,63,1
7020508,67,1
7020508,69,2
7020508,71,1
7020508,73,2
7020508,74,2
7020508,77,1
7020496,1,3
7020496,2,3
7020496,3,2
7020496,4,2
7020496,5,3
7020496,6,4
7020496,7,3
7020496,8,3
7020496,9,4
7020496,10,3
7020496,11,4
7020496,12,4
7020496,13,3
7020496,14,3
7020496,15,4
7020496,16,3
7020496,17,2
7020496,19,1
7020496,20,2
7020496,21,4
7020496,22,2
7020496,23,3
7020496,24,3
7020496,25,2
7020496,26,2
7020496,29,1
7020496,52,1
7020496,53,4
7020496,56,2
7020496,58,3
7020496,60,1
7020496,62,3
7020496,63,4
7020496,68,4
7020496,69,3
7020496,71,3
7020496,73,3
7020496,74,2
7020496,77,3
7020503,1,3
7020503,2,3
7020503,3,3
7020503,4,3
7020503,5,4
7020503,6,3
7020503,7,3
7020503,8,3
7020503,9,4
7020503,10,2
7020503,11,4
7020503,12,4
7020503,13,4
7020503,14,4
7020503,15,2
7020503,16,4
7020503,17,3
7020503,19,2
7020503,20,2
7020503,21,4
7020503,22,3
7020503,23,3
7020503,24,4
7020503,25,3
7020503,26,2
7020503,29,2
7020503,52,3
7020503,53,2
7020503,56,2
7020503,58,2
7020503,60,1
7020503,62,3
7020503,63,3
7020503,68,2
7020503,69,3
7020503,71,3
7020503,73,3
7020503,74,2
7020503,77,2
6020516,1,3
6020516,2,3
6020516,3,3
6020516,4,3
6020516,5,3
6020516,6,2
6020516,7,4
6020516,8,3
6020516,9,4
6020516,10,3
6020516,11,4
6020516,12,3
6020516,13,4
6020516,14,3
6020516,15,4
6020516,16,3
6020516,17,2
6020516,19,3
6020516,20,4
6020516,21,4
6020516,22,4
6020516,23,3
6020516,24,3
6020516,25,4
6020516,26,2
6020516,29,2
6020516,52,3
6020516,53,3
6020516,56,4
6020516,58,1
6020516,60,2
6020516,62,3
6020516,63,4
6020516,68,2
6020516,69,4
6020516,71,4
6020516,73,4
6020516,74,2
6020516,77,4
7020494,1,3
7020494,2,3
7020494,3,1
7020494,4,2
7020494,5,2
7020494,6,4
7020494,7,2
7020494,8,2
7020494,9,2
7020494,10,2
7020494,11,3
7020494,12,3
7020494,13,3
7020494,14,4
7020494,15,2
7020494,16,3
7020494,17,2
7020494,19,1
7020494,20,1
7020494,21,2
7020494,22,2
7020494,23,2
7020494,24,4
7020494,25,2
7020494,26,3
7020494,29,2
7020494,52,4
7020494,53,3
7020494,56,3
7020494,58,3
7020494,62,2
7020494,63,2
7020494,67,1
7020494,69,2
7020494,71,1
7020494,73,2
7020494,74,2
7020494,77,2
